433,264,-147;434,268,-139;435,268,-139;436,269,-140;430,269,-150;428,269,-150;426,269,-150;434,269,-78;420,271,-125;433,260,-122;429,259,-136;446,246,-47;394,247,-94;463,211,-113;400,210,-168;466,243,-222;417,249,-262;467,251,-243;420,258,-286;466,254,-236;419,261,-280;465,252,-222;418,258,-262;444,177,1;408,175,-1;471,132,-60;379,142,-179;490,86,84;392,102,-39;489,79,95;399,93,-28;492,67,35;376,83,-90
433,264,-184;434,268,-175;435,268,-175;436,268,-175;431,268,-188;429,269,-188;427,269,-188;434,268,-109;420,270,-169;434,259,-157;429,259,-175;446,246,-64;393,247,-140;464,211,-123;400,211,-223;466,243,-241;418,249,-309;467,251,-264;423,257,-334;466,254,-258;422,261,-325;465,251,-243;420,258,-307;443,177,4;408,175,-4;471,132,-118;376,139,-157;490,85,16;392,105,38;489,78,27;399,100,56;495,67,-36;379,87,10
434,263,-170;435,267,-162;435,267,-162;436,267,-162;431,267,-182;430,268,-182;428,268,-183;434,267,-104;421,269,-149;434,259,-145;429,259,-174;446,246,-48;392,247,-119;465,211,-97;400,211,-197;466,243,-210;419,248,-281;468,250,-231;424,256,-302;467,253,-226;422,260,-291;465,251,-212;421,257,-277;443,177,4;408,175,-4;471,132,-112;375,138,-142;490,85,7;392,105,21;490,78,17;399,100,35;496,68,-45;378,87,-12
434,263,-169;435,267,-162;436,267,-161;436,267,-161;432,267,-176;430,267,-176;429,267,-176;434,267,-102;421,268,-144;434,259,-143;430,258,-163;446,246,-43;392,247,-114;465,211,-94;399,211,-190;467,242,-209;419,246,-281;468,249,-229;424,254,-300;467,252,-224;422,259,-287;466,250,-210;421,256,-274;443,177,4;408,175,-4;471,132,-112;375,137,-133;490,85,13;392,105,39;490,79,23;399,99,54;496,68,-40;377,86,8
434,262,-193;435,266,-184;436,266,-184;436,266,-184;432,266,-197;431,266,-197;429,266,-197;434,266,-116;421,267,-176;434,257,-165;430,257,-183;446,246,-64;392,247,-143;465,210,-127;399,211,-229;467,240,-259;419,246,-319;469,247,-282;424,253,-345;467,250,-278;422,259,-334;466,248,-261;421,256,-316;443,177,5;408,175,-5;471,131,-135;375,137,-137;490,85,0;392,104,65;490,79,10;399,98,84;496,67,-59;377,86,38
434,261,-200;435,265,-190;436,265,-190;436,265,-190;432,265,-204;431,265,-204;429,265,-204;433,264,-121;421,267,-182;434,257,-171;430,257,-189;445,245,-71;391,246,-150;464,209,-139;399,211,-236;467,239,-272;420,246,-323;469,246,-296;425,254,-349;467,249,-291;423,259,-339;466,246,-274;422,256,-321;443,177,5;408,174,-5;471,131,-140;375,137,-144;490,85,0;392,104,67;490,79,10;399,98,86;496,67,-60;377,86,39
434,260,-199;435,264,-190;436,264,-190;436,264,-190;432,264,-203;431,264,-203;429,264,-203;433,263,-122;422,265,-182;434,255,-170;430,256,-188;445,244,-71;391,246,-149;464,208,-139;399,211,-232;466,238,-274;420,245,-321;468,245,-298;425,253,-346;467,248,-292;423,259,-337;465,246,-275;422,256,-319;442,176,6;408,174,-6;471,132,-140;375,137,-144;490,85,-5;392,104,60;490,79,4;399,98,78;496,67,-65;377,86,31
434,260,-165;435,264,-157;436,264,-157;436,264,-157;432,264,-171;431,264,-171;429,264,-171;433,263,-94;421,265,-154;434,255,-139;430,255,-156;445,244,-45;391,246,-120;464,207,-93;398,210,-188;465,237,-210;419,245,-267;466,245,-229;425,253,-289;465,247,-224;423,258,-280;464,245,-211;421,255,-265;442,176,6;408,173,-6;471,132,-123;375,136,-117;490,85,7;392,104,70;489,79,17;398,98,87;496,67,-47;377,86,45
434,260,-169;435,264,-161;436,264,-161;436,264,-161;432,264,-174;431,264,-174;429,264,-174;433,264,-98;421,265,-155;434,255,-142;430,255,-159;445,244,-48;390,245,-120;464,207,-102;397,210,-192;464,237,-221;419,244,-274;465,245,-241;424,252,-297;463,247,-236;422,258,-288;462,245,-222;421,255,-272;442,177,6;408,173,-5;472,133,-119;375,135,-107;491,86,9;392,104,82;490,81,20;398,97,99;496,67,-46;377,86,57
434,260,-154;435,264,-147;436,264,-147;436,264,-147;432,264,-158;430,264,-158;429,264,-158;433,264,-86;421,266,-134;434,255,-128;430,255,-142;445,244,-41;390,245,-96;465,207,-92;396,210,-165;463,238,-205;417,244,-251;464,245,-224;423,252,-272;462,248,-219;421,257,-263;461,245,-205;420,254,-249;443,177,4;409,173,-4;473,133,-117;376,135,-98;492,88,14;392,103,76;491,83,25;398,96,92;496,68,-40;377,85,51
434,261,-160;435,265,-152;436,265,-152;436,265,-152;432,265,-163;430,265,-163;429,265,-163;434,265,-89;421,266,-132;434,256,-133;430,256,-148;447,244,-45;392,246,-95;471,208,-103;395,210,-174;465,240,-225;416,243,-265;464,247,-247;422,251,-288;462,250,-239;420,257,-280;461,248,-224;419,254,-263;444,178,3;410,174,-3;476,134,-115;378,135,-95;495,88,8;392,102,72;494,83,17;399,94,87;500,67,-47;376,84,45
434,261,-195;435,265,-185;436,266,-185;437,266,-185;432,265,-193;430,266,-193;429,266,-193;435,266,-114;422,267,-146;435,257,-165;430,257,-176;449,244,-66;395,246,-100;479,212,-148;395,210,-193;470,243,-282;415,242,-305;467,251,-309;421,251,-333;465,253,-301;420,256,-324;464,251,-283;418,253,-304;447,178,2;413,174,-2;480,134,-107;379,135,-107;502,87,11;392,101,63;500,80,20;399,92,81;510,66,-48;375,84,32
435,263,-184;436,268,-175;437,268,-175;438,268,-175;433,268,-190;431,268,-190;429,268,-190;438,268,-108;423,268,-128;436,259,-156;432,258,-170;454,244,-64;397,246,-89;487,215,-140;395,210,-170;477,247,-272;415,241,-275;474,254,-297;421,250,-299;471,256,-287;419,256,-290;471,254,-271;418,252,-273;450,177,0;415,174,0;482,134,-106;381,135,-61;507,86,3;392,101,99;507,79,11;399,92,114;514,66,-58;375,84,69
437,263,-217;438,268,-209;439,268,-209;440,268,-209;434,268,-212;432,268,-212;430,268,-212;440,269,-137;424,269,-139;438,259,-188;433,259,-191;458,244,-81;402,246,-98;497,222,-167;396,210,-177;489,250,-302;414,235,-302;485,257,-328;421,243,-328;482,259,-320;420,251,-321;481,257,-301;418,248,-301;452,177,-4;417,174,4;485,131,-81;384,135,-13;515,83,3;392,101,155;515,76,16;400,91,171;521,65,-53;375,84,129
438,262,-282;440,267,-274;441,267,-274;443,268,-274;435,267,-275;433,267,-276;431,267,-276;444,268,-198;426,269,-200;441,258,-250;435,257,-251;462,245,-132;405,246,-139;505,229,-224;397,210,-224;500,254,-357;414,231,-362;498,261,-385;421,237,-391;494,262,-376;420,246,-385;493,260,-357;419,243,-362;455,175,-7;420,174,7;489,128,-80;385,135,-61;520,81,20;393,100,102;520,75,27;400,91,117;526,61,-50;374,84,112
443,261,-261;444,267,-252;445,267,-252;446,267,-252;439,266,-254;437,266,-254;435,266,-254;447,268,-176;430,267,-182;445,257,-230;439,256,-232;466,246,-117;409,244,-126;506,237,-197;402,207,-209;513,255,-324;416,226,-353;518,261,-352;423,230,-385;514,262,-351;423,239,-381;511,259,-327;422,237,-355;458,173,-9;423,173,9;491,125,-77;386,136,-75;523,80,28;393,100,94;525,74,34;400,91,105;527,60,-49;374,83,47
447,256,-232;448,262,-223;449,262,-223;450,263,-223;443,261,-228;441,261,-228;439,261,-228;450,264,-151;435,262,-177;449,253,-202;444,252,-207;469,245,-97;414,240,-121;504,246,-108;408,205,-205;535,255,-172;424,228,-341;545,259,-188;431,235,-371;544,261,-201;431,242,-367;540,258,-181;430,238,-342;461,167,-8;427,169,8;495,122,-51;387,135,-84;525,77,35;394,100,58;527,72,40;400,91,70;527,60,-37;374,83,17
451,253,-250;451,258,-242;452,259,-242;453,259,-242;447,258,-246;445,258,-246;442,258,-246;452,261,-170;437,258,-183;452,249,-220;447,249,-224;470,245,-109;419,234,-128;506,247,-123;414,199,-216;544,255,-189;428,217,-367;556,258,-206;434,220,-397;556,259,-220;435,227,-397;550,258,-197;434,226,-370;465,165,-11;431,167,11;497,120,-60;389,133,-54;525,77,37;394,100,110;528,71,43;401,93,124;527,59,-33;375,83,79
451,250,-237;452,256,-229;453,256,-229;454,256,-229;447,255,-233;445,255,-233;443,255,-233;453,257,-159;437,255,-175;453,246,-208;448,246,-212;471,243,-101;420,231,-125;507,244,-114;420,196,-210;543,254,-175;433,221,-349;555,254,-190;437,228,-379;554,254,-203;436,235,-376;549,254,-183;436,232,-352;468,163,-12;434,164,12;498,119,-71;389,134,-59;526,76,22;395,100,98;529,70,26;401,93,105;524,59,-48;375,84,64
453,248,-231;453,253,-223;454,254,-223;455,254,-223;449,253,-228;447,253,-229;444,253,-229;454,255,-154;437,252,-168;455,244,-202;449,243,-209;471,241,-96;421,228,-121;507,242,-107;423,195,-211;544,251,-169;435,223,-355;555,250,-184;439,231,-386;554,251,-198;438,237,-384;550,250,-177;438,232,-359;469,161,-12;436,163,12;499,118,-87;388,134,-66;527,75,12;395,100,65;529,70,18;402,93,75;525,59,-57;375,84,30
455,246,-225;454,251,-217;455,252,-217;456,252,-217;450,251,-223;448,251,-223;446,251,-223;454,253,-148;439,251,-167;456,242,-196;451,242,-203;471,240,-94;421,227,-120;506,240,-98;423,193,-210;542,247,-160;436,224,-347;554,247,-176;439,232,-377;553,247,-191;438,238,-376;548,247,-169;438,234,-350;470,159,-12;436,161,12;501,117,-80;388,134,-66;526,75,30;395,99,63;528,70,37;402,92,74;526,59,-35;374,83,28
454,246,-227;454,251,-219;455,252,-219;456,252,-219;450,251,-226;448,251,-226;446,250,-226;454,253,-150;438,250,-174;455,242,-198;450,242,-206;470,240,-93;419,226,-128;506,239,-95;422,191,-212;541,246,-158;436,222,-345;552,246,-174;440,232,-376;551,246,-190;439,238,-375;547,246,-168;439,233,-348;469,159,-11;435,160,11;501,117,-61;388,133,-66;525,75,59;395,99,77;528,70,67;402,92,90;525,58,-4;374,83,49
453,247,-214;453,252,-205;454,253,-205;455,253,-205;449,252,-211;447,252,-211;445,252,-211;453,253,-133;438,252,-155;454,243,-184;449,243,-191;470,240,-74;418,227,-104;505,239,-68;419,191,-170;537,246,-136;433,211,-301;549,246,-153;439,215,-331;548,247,-169;438,221,-334;543,246,-146;438,220,-306;468,160,-11;434,161,11;500,117,-50;388,133,-64;525,75,71;395,99,76;528,70,78;402,92,88;526,58,5;374,83,42
452,248,-203;453,253,-194;453,253,-194;454,254,-194;449,253,-199;447,253,-199;445,253,-199;453,254,-123;437,253,-145;454,244,-174;449,243,-180;469,241,-66;418,229,-98;504,239,-62;418,193,-170;535,246,-128;433,213,-301;547,247,-144;438,217,-330;546,248,-159;437,223,-332;541,247,-137;437,222,-305;467,161,-11;433,162,11;499,117,-46;388,133,-65;525,75,63;395,99,70;528,70,70;402,92,81;527,58,-3;374,83,33
452,249,-206;452,254,-197;453,254,-197;454,254,-197;449,253,-202;447,253,-202;444,253,-202;453,254,-124;436,253,-147;453,245,-176;448,244,-183;469,241,-64;417,229,-101;503,239,-62;415,194,-178;532,247,-129;430,215,-311;543,248,-144;436,219,-341;543,249,-159;437,226,-340;538,248,-138;435,225,-314;466,161,-10;433,162,10;499,118,-55;385,134,-73;525,76,53;395,99,61;527,70,60;402,92,72;527,58,-13;374,83,21
451,252,-180;451,257,-170;451,257,-170;451,258,-170;448,257,-177;446,257,-177;444,257,-177;448,258,-98;435,257,-131;452,248,-151;447,247,-160;466,242,-47;412,233,-94;502,239,-59;410,199,-182;527,250,-128;425,217,-315;537,253,-143;431,221,-345;534,254,-154;432,228,-344;530,252,-135;431,227,-318;463,165,-7;429,165,7;495,119,-51;382,136,-93;524,76,46;394,99,36;527,71,50;401,92,47;528,58,-23;374,83,-5
448,254,-180;447,259,-172;448,259,-172;448,260,-172;444,259,-179;443,259,-179;440,259,-179;445,261,-100;432,259,-130;449,250,-150;444,249,-159;462,245,-46;407,239,-86;498,236,-73;405,204,-169;516,250,-156;419,218,-298;524,255,-177;426,224,-326;520,257,-174;427,231,-324;517,255,-158;425,230,-300;458,169,-6;424,169,7;490,123,-55;379,137,-91;523,77,24;393,100,41;525,72,28;400,92,52;527,58,-44;373,83,3
442,257,-186;443,262,-178;444,262,-178;444,263,-179;439,262,-185;437,262,-185;435,262,-185;443,264,-108;428,263,-134;443,252,-156;438,252,-164;458,247,-49;401,243,-85;496,233,-92;400,207,-165;509,251,-208;414,221,-298;513,258,-232;420,225,-327;508,260,-233;421,233,-324;505,257,-212;420,232,-299;454,173,-5;419,172,5;487,126,-61;378,137,-109;521,78,7;393,100,37;522,72,10;401,92,49;527,59,-66;374,83,0
438,259,-221;440,264,-215;441,265,-215;441,265,-215;435,264,-222;433,264,-222;431,264,-222;440,266,-143;425,265,-174;440,254,-190;434,254,-199;456,248,-75;398,245,-121;492,228,-142;397,209,-205;500,252,-274;411,226,-336;502,260,-300;418,232,-366;497,262,-299;418,240,-360;496,260,-277;417,238,-336;452,175,-2;417,174,2;485,128,-61;378,137,-119;516,78,19;393,100,42;516,72,24;401,92,56;526,60,-50;374,83,5
436,260,-214;437,265,-214;438,265,-214;439,266,-214;433,265,-218;431,265,-218;429,265,-218;437,267,-136;422,266,-165;437,256,-185;432,255,-197;452,248,-77;395,246,-117;487,225,-156;396,209,-204;492,253,-284;413,238,-329;493,261,-309;418,251,-362;489,263,-305;417,254,-348;487,261,-286;417,251,-336;450,177,-1;415,175,1;482,131,-78;378,138,-142;510,80,7;393,100,2;509,73,13;401,92,13;518,61,-60;374,83,-41
434,261,-212;435,266,-207;435,266,-207;436,267,-207;431,266,-214;429,266,-214;427,266,-214;434,268,-136;419,267,-172;435,257,-183;429,256,-194;450,248,-81;393,246,-128;482,222,-161;396,209,-221;484,253,-290;413,242,-337;484,260,-315;418,254,-365;480,263,-309;417,258,-354;479,260,-291;416,253,-337;448,178,0;413,175,0;480,132,-91;378,138,-139;504,82,3;394,100,8;503,75,10;401,92,21;508,64,-63;374,83,-33
432,262,-154;433,268,-145;434,268,-145;435,268,-145;429,268,-155;427,268,-155;425,268,-155;432,268,-78;417,268,-124;433,258,-127;428,257,-140;447,248,-36;392,246,-95;476,218,-108;397,211,-195;477,251,-245;413,244,-300;476,260,-266;417,255,-326;473,262,-247;416,258,-317;473,260,-239;415,254,-299;447,179,0;413,176,0;475,134,-129;378,138,-124;498,85,-29;394,100,22;499,79,-22;401,93,35;495,67,-98;374,83,-15
430,261,-135;430,267,-126;431,267,-126;432,267,-126;427,267,-135;425,267,-135;423,267,-135;429,267,-64;415,267,-104;430,257,-109;425,256,-121;443,247,-25;392,245,-77;470,214,-94;398,211,-171;469,247,-216;414,247,-275;469,256,-237;418,256,-300;467,259,-227;416,259,-291;467,257,-215;415,256,-275;445,178,0;412,175,0;473,133,-138;377,138,-119;493,88,-32;394,100,23;493,81,-25;400,93,35;492,69,-96;374,83,-13
428,261,-165;429,266,-156;430,267,-156;431,267,-157;425,266,-165;424,266,-165;422,267,-165;429,267,-91;413,267,-127;429,256,-137;424,256,-148;443,247,-43;390,244,-90;466,211,-105;398,210,-174;465,243,-229;415,245,-275;464,253,-250;418,255,-299;463,256,-241;417,258,-291;463,254,-228;416,255,-274;444,177,-1;411,175,1;471,132,-121;376,138,-117;490,88,-19;393,100,38;490,82,0;400,94,52;493,70,-59;374,83,6
428,260,-174;429,266,-165;430,266,-165;431,267,-165;425,266,-173;424,266,-173;422,266,-173;429,266,-99;414,267,-142;429,256,-146;424,256,-152;442,246,-52;389,244,-109;465,208,-117;399,209,-190;463,241,-234;415,245,-289;462,250,-254;419,255,-313;461,253,-246;417,258,-305;460,251,-234;416,255,-288;444,177,0;410,173,0;471,132,-118;375,137,-125;490,88,14;393,101,41;490,82,27;400,94,55;493,70,-37;374,83,8
428,260,-173;429,264,-165;430,264,-165;431,265,-165;425,264,-174;424,265,-174;422,265,-174;428,264,-100;414,266,-143;428,255,-146;423,255,-157;442,243,-54;389,243,-109;464,207,-115;399,207,-187;462,239,-231;415,244,-277;462,248,-249;419,254,-299;460,250,-241;417,257,-291;459,248,-229;416,254,-275;443,176,0;409,171,0;471,132,-125;374,134,-119;491,88,8;392,101,62;491,82,23;400,95,78;493,69,-45;374,83,38
428,260,-165;429,264,-157;429,264,-157;430,264,-157;425,264,-167;424,264,-167;422,265,-167;427,263,-95;414,266,-141;428,255,-140;424,255,-153;442,242,-52;389,242,-109;463,206,-112;399,206,-187;461,238,-224;415,244,-274;461,247,-243;419,254,-296;460,249,-235;417,257,-287;459,247,-223;416,254,-272;442,175,1;408,170,-1;471,131,-128;374,134,-120;490,88,7;392,101,60;490,82,21;399,95,76;494,69,-46;374,83,33
428,259,-158;429,263,-150;430,263,-150;430,263,-150;426,263,-161;424,264,-161;422,264,-161;428,262,-90;415,265,-138;428,255,-132;424,255,-146;442,242,-47;388,242,-107;463,206,-97;399,206,-178;461,238,-205;415,243,-261;461,246,-222;419,253,-282;460,249,-217;417,257,-273;459,246,-205;416,253,-259;442,174,1;408,170,-1;471,131,-126;374,133,-106;490,87,-2;391,101,74;491,81,8;399,95,90;494,69,-55;374,83,52
429,259,-153;430,263,-145;430,263,-145;431,263,-145;426,263,-157;425,264,-157;423,264,-157;428,262,-85;415,265,-137;429,255,-128;424,255,-143;442,242,-43;388,242,-107;463,207,-93;398,206,-180;461,238,-203;415,244,-265;461,246,-222;419,253,-287;460,249,-217;417,257,-278;459,247,-204;416,254,-263;442,175,2;408,170,-2;470,131,-121;374,134,-108;490,87,0;391,101,73;492,81,10;399,95,89;493,69,-55;374,83,50
429,260,-147;430,264,-139;431,264,-139;432,264,-139;427,264,-151;425,264,-151;423,265,-151;429,263,-78;415,266,-135;429,255,-122;425,255,-139;442,242,-39;388,242,-105;462,207,-87;398,206,-179;461,238,-192;415,244,-263;462,247,-210;419,253,-285;460,250,-205;417,257,-276;459,247,-193;416,254,-261;442,175,2;408,171,-2;471,131,-98;374,134,-110;490,87,29;391,101,65;491,81,39;399,95,81;494,68,-23;374,83,39
429,261,-140;430,265,-131;431,265,-131;432,265,-131;427,265,-143;425,266,-143;423,266,-143;429,265,-69;416,266,-123;430,256,-115;425,256,-131;442,242,-32;388,244,-96;462,208,-86;397,207,-174;461,239,-195;415,245,-260;463,247,-213;419,255,-282;461,250,-208;417,258,-274;460,248,-196;416,255,-259;442,175,2;408,172,-2;471,131,-96;374,134,-112;490,87,28;391,101,63;491,81,38;399,95,78;494,68,-25;373,83,38
429,261,-142;430,266,-133;431,266,-133;432,266,-133;427,266,-145;425,266,-145;423,266,-145;429,265,-71;416,267,-125;430,257,-117;425,257,-133;442,243,-34;389,245,-97;463,208,-90;397,209,-176;462,239,-201;415,246,-267;463,248,-220;420,255,-290;462,250,-215;418,259,-281;461,248,-202;417,256,-265;442,176,2;408,172,-2;471,131,-86;374,134,-111;490,87,35;391,101,61;491,81,45;399,95,76;494,68,-18;373,83,35
430,262,-149;430,266,-140;431,266,-140;432,266,-140;427,266,-152;425,266,-152;423,267,-152;430,266,-78;416,267,-128;430,257,-123;426,257,-137;442,243,-36;389,246,-100;463,208,-103;397,210,-186;463,239,-219;416,247,-278;464,248,-240;420,256,-302;462,250,-235;419,260,-293;461,248,-220;417,256,-276;442,176,2;408,173,-2;470,130,-85;374,135,-112;491,87,41;391,101,60;491,81,51;399,95,75;494,68,-11;372,83,32
430,262,-152;431,266,-142;432,267,-142;432,267,-142;428,267,-155;426,267,-155;424,267,-155;430,266,-79;416,267,-136;430,258,-127;426,258,-143;443,243,-42;389,246,-108;463,208,-107;397,210,-196;463,239,-221;416,247,-289;464,248,-242;421,257,-314;463,251,-236;420,260,-305;462,248,-222;418,257,-288;442,176,2;408,173,-2;470,130,-79;374,135,-114;491,87,55;391,101,59;491,81,66;399,95,75;494,68,5;372,83,31
