295,283,50;295,288,31;296,288,31;296,288,31;295,288,47;296,288,47;296,288,47;300,289,-26;301,288,45;298,280,33;298,280,54;306,273,-71;328,269,80;280,245,-72;322,237,150;274,269,1;307,245,214;275,273,0;304,250,231;279,274,5;297,260,227;280,272,6;303,250,214;305,194,-46;327,192,46;270,154,-18;334,145,84;277,98,12;346,96,107;282,88,18;349,87,110;256,88,23;338,90,111
294,283,33;295,288,16;295,288,16;295,288,16;295,288,33;295,288,33;296,288,33;300,289,-33;301,288,42;297,280,18;298,280,40;306,273,-80;328,269,82;280,245,-75;318,236,149;274,269,13;300,242,201;274,273,14;296,245,217;279,275,19;295,247,212;279,273,19;297,251,200;305,194,-50;327,191,50;270,154,-14;334,145,81;276,99,13;346,97,80;282,89,18;348,88,81;257,88,26;339,90,82
294,283,30;294,288,13;295,288,13;295,288,13;294,288,31;295,288,31;295,288,31;300,289,-35;301,289,41;297,280,15;297,280,37;306,273,-83;328,269,84;280,245,-78;318,236,149;273,269,15;299,241,202;274,273,15;295,243,218;278,275,20;294,245,213;279,273,20;296,251,201;305,194,-51;327,191,51;270,154,-13;334,145,81;276,99,14;346,97,81;282,90,19;347,88,81;258,88,29;340,90,82
294,283,29;294,287,12;294,288,12;295,288,12;294,287,30;295,288,30;295,288,30;300,289,-36;301,289,40;297,280,14;297,280,36;306,273,-84;328,269,84;280,245,-79;317,235,149;273,270,14;298,240,199;274,274,15;295,242,215;278,275,20;294,244,210;279,273,20;295,245,198;305,194,-52;327,191,52;270,154,-12;334,145,80;276,100,17;345,97,83;283,90,22;347,88,84;258,88,32;341,91,85
293,283,29;294,287,12;294,288,12;295,288,12;294,287,30;295,288,30;295,288,29;300,289,-36;301,289,40;296,279,14;297,280,36;306,273,-84;328,269,84;280,245,-79;317,235,148;273,270,14;298,239,199;274,274,15;295,242,214;278,275,20;294,244,209;279,273,20;295,248,197;305,194,-52;327,191,52;269,154,-12;334,145,80;276,100,17;345,97,81;283,90,22;347,88,82;258,88,31;342,91,83
293,282,28;294,287,11;294,288,11;295,288,11;294,287,29;295,288,29;295,288,29;300,289,-37;301,289,39;296,279,13;297,279,35;306,273,-84;328,269,84;280,246,-79;317,235,148;273,270,14;298,239,197;274,274,14;295,241,213;278,275,19;294,243,208;279,273,19;295,244,196;305,194,-52;327,191,52;269,154,-12;334,145,80;276,100,16;345,97,81;283,90,21;347,89,82;258,88,31;342,91,83
293,282,28;294,287,11;294,288,11;294,288,11;294,287,29;294,288,29;295,288,29;300,289,-37;301,289,39;296,279,13;297,279,35;306,273,-85;328,269,84;280,246,-80;317,235,147;273,270,13;298,238,196;274,274,14;295,241,212;278,275,19;294,242,206;279,273,19;295,242,195;305,194,-52;327,191,52;269,154,-12;334,145,80;276,100,17;345,97,82;283,90,22;346,89,83;258,88,31;342,91,84
293,282,24;293,287,8;294,288,8;294,288,8;294,287,26;294,288,26;295,288,26;300,289,-39;301,289,38;296,279,10;296,279,33;306,272,-86;327,269,84;280,245,-83;316,235,147;273,270,10;296,238,197;274,274,9;293,241,213;278,275,14;292,244,207;279,273,15;295,248,196;305,193,-52;327,191,52;268,154,-16;334,145,75;273,100,20;345,98,85;279,90,26;346,89,86;255,89,35;342,91,87
292,282,19;293,287,3;293,287,3;294,288,3;293,287,21;293,287,21;294,288,21;299,289,-41;300,288,38;295,279,6;295,279,29;306,272,-88;325,268,85;280,245,-88;313,234,148;273,270,2;295,238,194;274,274,1;292,240,209;278,276,6;291,242,203;279,274,7;292,242,192;305,193,-54;326,190,54;267,154,-18;334,145,76;269,100,19;345,98,85;273,90,25;346,90,87;247,90,35;341,91,88
290,282,23;290,286,6;290,287,6;290,287,6;290,286,24;291,287,24;291,287,24;296,288,-41;297,288,37;293,279,8;293,279,31;303,272,-88;322,268,85;278,245,-85;313,235,154;273,268,3;294,238,210;274,273,3;291,240,226;278,275,7;290,242,219;279,273,9;291,242,208;304,193,-54;324,190,54;266,154,-17;333,145,84;264,100,26;345,99,112;268,91,31;346,91,115;242,90,36;341,92,116
288,282,26;288,286,8;288,287,8;288,287,8;288,286,25;288,287,25;289,287,25;292,288,-37;293,287,37;292,279,13;291,279,34;300,272,-80;319,268,85;275,246,-73;308,243,153;274,267,7;291,256,209;276,273,6;289,262,225;282,275,8;288,263,220;283,272,10;288,261,208;302,193,-53;319,192,53;265,154,-24;332,146,68;259,100,9;345,100,81;263,91,13;346,92,83;236,90,15;342,93,80
286,282,72;285,286,53;284,287,53;284,287,53;285,286,67;286,287,67;286,287,67;287,288,-6;290,287,53;288,279,54;289,279,72;292,271,-54;318,268,81;268,248,-66;309,245,137;274,265,-18;289,255,191;276,271,-23;286,260,206;282,272,-22;284,261,200;282,269,-17;284,259,190;298,194,-46;319,193,46;264,152,-18;331,146,58;255,100,4;345,100,39;259,91,7;346,92,38;233,90,6;342,93,30
281,281,70;279,285,51;279,286,51;278,286,51;281,286,64;282,286,64;283,287,64;281,287,-9;287,287,50;282,278,52;284,279,69;285,270,-53;316,268,72;256,252,-33;307,243,133;268,268,52;287,249,194;273,274,51;284,249,209;279,278,48;283,249,203;279,275,53;283,248,193;294,194,-40;317,194,40;263,151,-17;330,147,50;253,100,7;344,101,38;256,90,11;344,92,38;232,91,14;342,92,34
275,280,76;273,284,58;273,284,58;272,285,58;276,285,71;277,285,71;278,286,71;275,286,3;283,286,59;276,277,59;278,277,75;276,269,-40;313,268,80;242,257,-5;307,243,162;253,275,99;285,243,244;254,278,102;281,242,263;260,279,99;280,242,259;259,277,101;280,242,245;291,195,-39;315,195,39;261,151,-17;328,148,47;250,100,6;341,102,31;254,89,10;341,94,31;229,91,14;342,92,26
269,280,90;268,284,73;268,284,73;267,285,73;270,285,84;272,285,84;273,286,84;270,286,16;278,287,67;270,277,72;273,277,87;268,270,-26;309,268,81;233,262,1;307,249,161;248,274,94;285,245,254;257,280,97;281,243,274;261,280,95;279,244,271;260,278,96;280,243,255;286,195,-34;311,196,34;260,151,-11;327,148,43;249,99,0;340,102,7;253,88,2;340,93,4;229,91,3;344,93,0
266,279,116;265,283,96;264,283,96;264,283,96;267,283,108;268,284,108;269,285,108;266,284,27;274,285,80;267,277,94;270,277,109;266,270,-19;306,268,83;243,268,-14;302,259,160;249,275,58;279,255,235;251,279,59;274,254,253;254,280,59;272,254,248;255,277,61;272,253,235;285,195,-33;309,197,33;259,150,-12;326,149,39;249,98,-3;339,102,8;252,87,0;339,94,6;229,91,-3;342,94,0
262,278,110;261,282,90;261,282,89;260,282,89;263,282,101;264,283,101;265,283,101;263,283,20;270,284,73;263,276,88;265,276,103;262,269,-26;303,269,73;240,269,-41;302,261,129;234,275,-8;279,257,200;232,278,-14;273,256,215;235,277,-9;270,256,207;236,277,-5;271,255,198;282,195,-30;307,197,30;258,150,-8;325,149,41;249,98,-1;338,102,17;252,87,3;338,94,16;230,91,2;339,95,6
258,277,93;257,280,73;257,280,73;256,280,73;259,280,87;260,281,87;261,281,87;260,281,8;266,282,67;259,274,72;262,275,89;260,269,-37;300,271,70;237,269,-59;301,259,135;208,272,-5;276,255,209;199,270,-9;271,255,227;199,271,-2;267,255,213;201,270,-1;268,254,206;279,195,-27;305,197,27;257,150,-5;323,149,40;248,99,8;337,102,27;252,88,12;338,93,27;230,91,3;339,95,18
258,276,88;257,279,69;257,279,69;256,279,69;259,280,82;260,280,82;261,281,82;259,281,4;266,282,65;259,274,68;261,274,85;260,269,-41;299,272,69;234,268,-55;298,257,138;202,270,11;274,254,221;194,268,8;268,254,240;194,270,9;265,254,229;198,270,13;266,254,219;278,195,-27;303,197,27;256,149,-6;322,148,41;248,98,9;337,98,29;251,88,12;337,90,29;229,91,7;340,94,21
257,275,85;256,278,66;255,278,66;255,279,66;258,279,80;259,279,80;260,280,80;259,280,1;265,282,60;258,273,66;261,274,84;259,269,-42;300,271,61;234,268,-62;300,243,112;204,270,-10;289,224,165;194,268,-16;286,219,178;194,270,-8;282,219,167;197,269,-6;283,220,162;277,195,-27;303,197,27;256,149,-6;321,148,42;249,99,9;336,98,51;252,88,12;336,89,53;230,91,2;338,93,39
257,275,87;256,278,68;255,278,68;255,278,68;258,278,81;258,279,81;259,279,81;259,280,3;264,282,63;258,273,66;260,273,84;260,269,-40;301,271,66;235,267,-49;302,244,131;205,268,25;288,231,221;197,266,24;285,229,239;198,268,32;282,229,230;201,267,30;283,229,219;277,195,-26;304,197,26;256,149,4;321,147,49;249,99,23;336,95,48;252,88,27;336,88,49;230,91,22;336,90,39
258,275,89;258,278,69;257,279,69;257,279,69;259,279,83;260,279,83;261,280,82;261,280,3;266,282,63;260,273,68;262,274,85;262,269,-35;302,271,68;236,266,-21;303,244,146;211,265,73;287,235,244;207,267,76;283,236,262;206,267,79;280,236,256;210,266,77;280,235,244;278,194,-24;304,197,24;256,148,0;321,146,42;250,99,20;337,93,30;252,88,23;336,85,30;230,91,20;336,88,21
260,276,106;259,279,88;259,280,88;259,280,88;261,280,101;262,281,101;263,281,101;262,281,24;268,283,81;262,274,86;263,275,102;263,269,-14;303,270,90;233,262,31;307,245,175;217,262,153;287,238,276;212,261,161;283,238,293;213,264,161;280,238,289;216,263,157;281,237,276;279,194,-26;304,197,26;257,148,-1;322,146,43;250,99,18;337,92,30;253,88,21;336,85,30;230,91,19;334,87,22
264,278,113;263,282,95;263,282,95;262,282,95;264,282,106;265,283,107;266,283,106;265,282,33;272,284,83;265,276,94;267,276,108;264,270,-5;306,269,85;234,256,36;312,237,133;231,262,145;302,222,190;228,263,152;299,219,200;228,265,153;296,219,196;230,264,149;296,220,190;280,194,-27;305,196,26;258,147,-4;322,145,44;251,98,24;337,92,44;253,88,29;336,84,44;232,91,30;334,86,39
269,280,143;268,284,124;267,284,124;266,284,124;270,284,135;270,285,135;271,285,135;268,284,57;277,285,108;269,277,122;273,278,137;265,269,12;309,268,107;235,250,44;311,236,176;240,255,143;297,229,268;238,257,150;295,227,285;242,264,150;292,227,283;242,263,147;292,228,269;280,194,-26;307,195,26;259,147,12;323,143,64;252,98,-12;337,89,6;254,88,-13;336,81,0;233,91,-11;334,84,-3
274,282,122;272,285,103;272,285,103;271,285,103;275,286,115;276,286,115;277,286,115;272,285,38;282,287,92;274,279,102;278,279,118;267,269,-7;313,267,98;247,244,20;311,235,164;251,261,118;296,232,246;251,268,123;294,229,262;255,271,124;291,228,258;256,269,122;292,230,246;282,193,-26;310,194,26;260,147,7;325,142,65;252,98,-3;338,90,16;255,88,-2;338,82,12;233,91,0;335,85,10
278,283,91;276,286,70;275,287,70;275,286,70;279,287,83;280,287,83;281,288,83;276,286,5;286,288,58;278,280,71;281,280,86;272,269,-38;316,267,72;259,238,-12;311,234,123;260,257,74;294,230,181;256,265,76;291,229,195;260,267,80;288,230,190;263,263,78;289,230,180;286,193,-27;313,193,27;262,147,4;327,142,63;253,98,21;340,91,47;256,88,25;342,82,46;233,90,26;335,86,44
281,283,77;279,287,57;278,287,57;277,287,57;281,287,68;282,288,68;283,288,68;279,287,-7;289,288,43;281,280,57;284,280,71;276,269,-47;319,267,59;270,235,-11;312,235,115;268,245,103;293,236,188;264,253,111;289,238,205;268,256,114;287,239,203;270,254,108;287,238,189;290,192,-29;315,192,29;264,148,3;328,142,65;253,98,20;341,92,53;256,88,24;343,82,53;233,91,22;335,87,48
282,284,73;281,287,53;280,287,53;280,287,53;283,288,65;284,288,65;285,289,65;282,287,-11;290,289,41;283,281,54;286,281,69;279,269,-52;322,267,55;272,234,-23;316,233,105;270,246,74;297,236,172;266,254,80;293,238,188;269,256,85;291,239,187;270,254,80;291,238,173;292,192,-29;316,192,29;266,148,9;330,142,71;253,99,36;341,93,70;256,89,40;344,83,71;233,92,42;335,88,70
285,284,62;284,288,42;283,288,42;283,288,42;286,288,55;286,289,55;287,289,55;285,288,-21;292,290,35;286,281,43;289,281,59;284,269,-61;325,267,55;275,236,-39;318,234,105;271,248,50;297,239,168;267,255,53;293,242,184;270,256,58;290,243,181;271,255,55;291,242,168;295,193,-31;319,192,31;268,148,0;332,142,69;254,99,28;342,93,63;257,89,31;344,83,63;234,92,33;335,88,60
