288,273,-68;288,277,-59;288,277,-59;288,277,-59;287,278,-74;286,278,-74;285,279,-74;282,279,-10;278,282,-79;285,270,-48;284,271,-68;281,261,26;251,262,-97;292,236,-24;271,240,-119;305,256,-144;296,259,-89;309,260,-168;301,263,-98;307,263,-164;299,266,-97;305,261,-148;297,264,-87;273,201,34;253,200,-34;297,174,36;243,162,-27;293,139,127;220,126,22;289,132,136;215,121,25;313,130,109;231,113,-23
288,273,-61;288,277,-51;288,277,-51;288,277,-51;287,277,-66;286,278,-66;285,279,-66;283,279,-4;279,281,-73;285,270,-42;284,271,-62;281,261,30;252,263,-96;292,237,-9;271,242,-141;305,257,-113;296,261,-142;309,260,-132;301,265,-157;308,263,-133;299,267,-153;306,261,-118;297,266,-140;274,201,34;253,201,-34;298,175,2;243,162,-30;293,140,81;220,126,20;289,132,88;216,121,23;313,130,58;231,113,-24
288,273,-69;288,277,-59;288,277,-59;288,277,-59;287,277,-74;287,278,-74;286,279,-74;283,279,-9;279,281,-78;285,270,-50;284,271,-70;281,260,24;252,264,-100;293,238,-12;271,243,-156;307,258,-126;296,262,-163;310,261,-146;301,266,-179;309,264,-146;299,269,-174;307,263,-130;297,267,-160;274,202,34;253,201,-34;298,175,3;243,162,-36;293,140,88;220,126,11;289,133,95;216,121,14;313,131,66;231,113,-34
288,273,-82;288,277,-71;288,277,-71;288,277,-71;288,277,-86;287,278,-86;286,279,-86;283,279,-17;279,281,-86;285,270,-61;284,271,-81;281,260,19;252,264,-108;295,239,-19;271,244,-169;308,260,-128;296,264,-179;311,263,-147;300,268,-196;310,266,-147;299,270,-191;308,265,-132;297,269,-177;274,202,34;253,201,-34;298,175,7;243,162,-44;293,140,95;220,126,2;289,133,103;216,121,4;313,131,74;231,113,-45
288,273,-84;289,277,-73;288,277,-73;288,277,-73;288,277,-88;287,278,-88;286,279,-88;283,279,-19;279,281,-89;286,270,-63;284,271,-83;281,260,18;253,264,-110;296,240,-20;272,245,-170;308,260,-126;296,264,-180;312,264,-145;300,269,-197;311,267,-144;298,271,-193;309,265,-130;297,269,-178;274,202,35;253,201,-35;298,175,8;243,162,-45;293,140,95;220,126,0;289,133,102;216,121,2;313,131,73;231,113,-48
288,273,-85;289,277,-74;288,277,-74;288,277,-74;288,277,-90;287,278,-90;286,279,-90;283,279,-21;279,281,-90;286,270,-64;284,271,-84;280,260,18;253,264,-111;296,240,-20;273,244,-168;308,261,-121;296,265,-176;312,265,-139;300,270,-192;311,268,-138;298,272,-188;309,267,-125;297,270,-174;274,202,35;253,201,-35;298,175,2;243,162,-44;293,140,85;220,126,0;288,133,93;216,121,2;313,131,63;231,113,-48
288,273,-87;289,277,-77;288,277,-77;288,277,-77;288,277,-92;287,278,-92;286,279,-92;283,279,-24;279,281,-93;285,270,-67;284,271,-87;280,260,14;253,264,-114;296,240,-27;273,244,-172;308,261,-124;296,265,-178;312,265,-142;300,269,-194;311,268,-140;298,271,-189;309,267,-127;297,270,-176;274,202,35;253,201,-35;298,176,4;243,162,-45;293,140,90;220,126,-2;288,133,98;216,121,0;313,131,68;231,113,-52
288,273,-85;289,277,-74;288,277,-74;288,277,-74;288,277,-90;287,278,-90;286,279,-90;283,279,-22;279,281,-91;285,270,-64;284,271,-84;280,260,15;253,264,-112;296,240,-26;273,244,-168;308,261,-126;296,264,-173;312,265,-146;300,269,-189;311,267,-144;298,271,-184;308,266,-130;297,269,-170;274,202,35;253,201,-35;298,176,4;243,162,-42;293,140,89;220,126,1;288,133,96;216,121,3;313,131,67;231,113,-47
288,273,-83;288,277,-72;288,277,-72;288,277,-72;287,277,-88;287,278,-88;286,279,-88;283,279,-20;279,281,-90;285,270,-62;283,271,-82;280,260,17;253,264,-110;296,240,-25;273,244,-164;308,261,-127;296,264,-167;312,265,-146;300,269,-183;310,267,-145;298,271,-178;308,266,-131;297,269,-165;274,202,35;253,201,-35;298,176,1;243,162,-42;293,140,84;220,126,2;288,133,92;216,121,4;313,131,62;231,113,-46
288,273,-82;288,277,-72;288,277,-72;288,277,-72;287,277,-87;286,278,-87;286,279,-87;283,279,-20;278,281,-89;285,270,-62;283,271,-82;280,260,17;253,264,-109;296,240,-23;273,244,-162;308,261,-126;296,264,-166;312,265,-145;300,269,-182;310,267,-145;298,271,-177;308,266,-130;297,269,-164;274,202,35;253,201,-35;298,176,2;243,162,-41;293,140,85;220,126,3;288,133,92;216,121,6;313,131,62;231,113,-44
287,267,-58;288,271,-51;288,271,-51;288,271,-51;287,271,-65;286,272,-65;285,272,-65;283,273,-10;279,275,-74;285,264,-42;283,265,-61;280,257,21;254,259,-94;294,238,-9;274,242,-117;304,256,-102;296,259,-95;307,260,-120;300,264,-105;305,262,-120;298,266,-103;304,260,-106;297,264,-93;275,202,31;256,201,-31;297,179,33;247,167,0;293,148,101;227,136,61;288,142,108;223,131,66;311,140,85;238,125,29
287,266,-59;288,270,-52;288,270,-52;288,270,-52;287,271,-66;286,271,-66;286,272,-66;282,272,-11;279,274,-76;285,264,-43;283,264,-62;280,255,18;255,258,-94;294,238,-11;274,242,-122;304,255,-99;296,259,-108;307,260,-116;299,264,-120;305,261,-116;298,265,-118;303,260,-103;297,264,-107;275,202,29;257,202,-29;296,180,51;248,169,-9;292,149,132;229,138,42;288,143,139;225,133,45;311,142,119;239,126,6
287,265,-59;288,269,-52;288,269,-52;288,269,-52;287,270,-65;286,270,-65;285,271,-65;282,271,-12;279,273,-73;285,263,-43;283,263,-61;280,255,18;255,257,-90;294,237,-10;274,241,-111;303,255,-98;296,257,-92;306,259,-116;299,263,-102;304,261,-116;298,264,-102;302,259,-102;297,263,-91;276,202,30;257,202,-30;296,180,77;249,169,-13;292,149,163;229,138,32;288,143,171;225,133,35;310,142,154;239,127,-4
287,265,-55;288,269,-48;287,269,-48;287,269,-48;287,269,-62;286,270,-62;285,270,-62;282,270,-10;279,272,-72;284,262,-40;283,263,-58;280,255,19;255,257,-90;294,236,-9;274,241,-114;303,255,-96;296,258,-94;305,259,-113;299,262,-104;303,261,-113;298,264,-102;301,259,-100;297,263,-92;276,203,29;258,202,-29;296,180,58;249,169,-12;292,150,139;229,138,35;288,142,147;225,134,39;310,142,126;239,127,0
287,265,-57;287,269,-49;287,269,-49;287,269,-49;287,270,-63;286,270,-63;285,271,-63;282,271,-9;279,273,-69;284,263,-41;283,263,-58;280,255,20;255,257,-87;294,236,-11;274,241,-119;303,255,-102;296,258,-110;305,259,-119;299,262,-121;304,261,-118;298,264,-119;302,259,-105;296,263,-108;276,203,29;258,202,-29;296,180,49;249,169,-16;292,150,114;229,138,28;288,143,121;225,133,31;310,142,102;239,127,-3
287,265,-58;287,269,-51;287,269,-51;287,269,-51;287,269,-65;286,270,-65;285,271,-65;282,271,-10;279,273,-72;284,262,-42;283,263,-60;280,255,20;256,257,-90;294,236,-10;274,241,-123;303,255,-99;296,258,-113;306,259,-115;299,262,-125;304,260,-116;298,264,-123;302,259,-102;296,263,-112;276,203,29;258,202,-29;296,180,46;249,170,-18;292,150,109;229,138,23;288,142,115;225,133,25;310,142,94;239,127,-9
287,266,-42;287,269,-34;287,269,-34;287,270,-34;287,270,-48;286,270,-48;285,271,-48;282,271,3;279,273,-57;284,263,-27;283,263,-44;280,255,31;256,258,-77;294,236,-2;274,241,-106;303,255,-92;295,258,-94;306,259,-108;299,262,-105;304,261,-107;298,264,-102;302,259,-95;296,263,-92;276,203,29;258,202,-29;296,180,31;249,170,-18;292,150,94;229,138,18;288,142,100;225,133,20;310,142,77;239,127,-17
287,266,-73;288,269,-64;288,270,-64;287,270,-64;287,270,-77;286,271,-77;285,271,-77;283,271,-19;279,273,-79;285,263,-55;284,264,-72;282,255,11;256,259,-95;296,238,-30;273,242,-147;307,257,-127;294,259,-158;309,260,-145;298,263,-173;307,261,-144;297,265,-169;306,260,-130;296,263,-156;276,204,29;258,204,-29;296,180,31;249,170,-26;292,150,108;229,138,13;288,142,115;226,134,15;310,142,92;239,127,-26
289,266,-93;289,270,-85;289,270,-85;289,270,-85;288,270,-100;287,271,-100;286,271,-100;285,271,-41;280,273,-107;287,264,-76;285,265,-95;286,256,-3;256,260,-122;308,250,-23;272,244,-178;322,262,-86;292,261,-197;325,265,-98;295,266,-215;325,266,-102;294,267,-210;323,265,-91;293,265,-195;276,205,30;256,205,-30;296,180,33;249,171,-58;292,150,138;229,139,-8;288,143,147;226,135,-6;310,142,121;238,127,-57
291,266,-119;291,269,-112;291,269,-112;291,269,-112;290,269,-125;289,269,-125;288,270,-125;287,270,-68;282,272,-130;289,263,-101;287,264,-120;290,258,-30;256,260,-144;317,261,-27;270,246,-209;345,267,-68;292,262,-239;353,269,-77;295,266,-260;354,270,-88;294,267,-255;351,269,-75;293,266,-238;276,206,30;255,207,-30;296,180,33;247,172,-76;292,150,137;229,139,-23;288,142,145;225,135,-20;310,142,115;238,127,-74
291,264,-140;291,267,-134;291,267,-134;291,267,-134;290,267,-147;289,267,-147;288,268,-147;287,269,-92;282,270,-151;290,261,-121;288,261,-139;291,259,-52;255,260,-162;318,261,-54;270,245,-234;346,267,-86;293,261,-271;353,270,-98;297,264,-293;354,270,-100;296,266,-286;351,269,-87;294,265,-270;276,207,30;255,207,-30;296,180,10;246,172,-78;292,149,99;229,140,-24;288,142,106;225,135,-22;310,142,71;238,127,-75
292,264,-114;292,267,-106;292,267,-106;292,267,-106;291,267,-120;290,267,-120;289,268,-120;288,269,-62;283,271,-124;290,261,-95;288,261,-113;291,259,-23;256,259,-139;314,254,-36;268,245,-206;334,267,-71;293,257,-240;341,269,-82;297,260,-261;341,269,-91;296,261,-255;339,268,-78;295,260,-238;276,207,33;255,207,-33;297,180,19;246,172,-95;292,150,120;229,139,-46;288,142,128;225,135,-43;310,142,96;238,127,-99
292,264,-112;292,267,-105;292,267,-105;292,267,-105;291,267,-119;291,268,-119;290,268,-119;288,269,-61;283,271,-124;290,261,-94;289,261,-112;291,259,-22;256,259,-139;313,252,-31;267,245,-206;334,267,-75;293,256,-237;340,268,-85;297,259,-258;340,268,-95;296,260,-252;338,268,-82;295,259,-236;276,207,34;255,207,-34;297,180,26;246,172,-96;293,150,126;229,139,-51;289,142,134;225,135,-49;311,141,105;238,127,-105
292,263,-67;292,266,-60;292,266,-60;292,266,-60;291,266,-75;290,267,-75;290,268,-75;288,268,-19;283,271,-83;290,260,-50;288,261,-69;290,259,17;256,259,-98;300,242,-13;267,242,-121;310,253,-105;293,256,-102;314,256,-123;298,260,-112;312,257,-123;296,261,-111;310,256,-109;295,260,-100;277,207,33;256,206,-33;298,180,26;247,172,-90;293,150,115;229,139,-31;289,143,122;225,134,-30;311,141,98;238,127,-79
292,262,-66;292,266,-59;292,266,-59;292,266,-59;291,266,-74;290,267,-74;289,267,-74;288,268,-19;283,271,-83;290,260,-49;288,260,-68;290,259,18;256,258,-99;297,240,-13;268,241,-123;308,251,-110;293,256,-106;311,254,-127;298,260,-117;310,255,-128;296,262,-115;308,254,-114;295,260,-104;277,207,33;256,206,-33;299,180,20;247,172,-78;293,150,102;228,139,-25;289,143,109;225,134,-24;311,141,84;238,127,-72
292,262,-67;292,265,-61;292,266,-61;292,266,-61;291,266,-75;290,266,-75;289,267,-75;287,268,-19;283,271,-85;289,260,-50;288,260,-70;290,259,18;257,258,-101;297,239,-10;268,241,-126;308,250,-107;293,257,-110;311,254,-124;298,260,-121;310,255,-125;296,262,-120;308,254,-111;295,261,-108;277,206,34;257,206,-34;299,180,21;247,172,-77;293,150,102;228,139,-26;289,143,109;225,134,-25;311,141,84;238,127,-72
291,262,-55;292,265,-48;292,266,-48;292,266,-48;291,266,-63;290,266,-63;289,267,-63;287,268,-9;283,271,-75;289,260,-39;288,260,-58;289,257,27;257,258,-94;294,235,5;269,240,-119;308,249,-80;293,256,-109;312,252,-94;298,260,-120;310,254,-95;297,262,-118;309,253,-84;295,260,-107;277,206,35;257,206,-35;299,180,26;248,172,-54;293,150,103;228,139,-24;289,143,110;225,134,-24;311,141,86;239,127,-67
291,262,-56;292,266,-48;292,266,-48;291,266,-48;291,266,-63;290,267,-63;289,267,-63;287,268,-8;283,271,-76;289,260,-39;288,260,-59;288,257,28;256,258,-96;295,235,6;269,240,-123;308,249,-81;293,256,-112;312,253,-96;298,260,-123;311,255,-96;297,262,-121;308,254,-85;295,260,-110;277,206,36;257,206,-36;299,181,27;248,171,-53;293,150,105;228,139,-22;289,143,112;225,134,-22;311,141,87;239,127,-67
291,262,-54;291,266,-46;291,266,-46;291,266,-46;290,266,-61;290,267,-61;289,267,-61;286,268,-6;283,271,-74;288,260,-37;287,260,-57;286,257,30;256,258,-94;294,235,8;270,240,-127;307,250,-76;294,256,-122;311,254,-92;298,260,-134;310,255,-92;297,262,-132;308,254,-80;295,261,-120;277,206,36;257,205,-36;299,181,23;248,171,-53;293,150,96;228,139,-22;289,143,102;225,134,-21;311,141,77;239,127,-66
290,262,-54;291,266,-46;291,266,-46;291,266,-46;290,266,-61;290,267,-61;289,267,-61;286,268,-5;283,271,-73;288,260,-37;287,261,-57;285,256,31;256,258,-94;295,235,10;270,240,-130;307,250,-73;294,256,-127;311,254,-87;298,260,-140;310,256,-88;297,262,-137;308,255,-77;295,261,-125;277,205,36;257,205,-36;299,181,19;248,171,-52;293,150,93;228,139,-18;289,143,99;225,134,-17;311,141,74;238,127,-63
