209,225,-42;209,227,-34;209,227,-34;209,227,-34;208,228,-46;208,229,-46;207,229,-46;206,228,5;201,231,-49;206,222,-27;205,223,-43;200,212,37;183,214,-71;211,198,5;200,197,-100;222,211,-74;215,213,-80;226,216,-86;221,217,-89;224,217,-86;217,219,-85;222,215,-77;216,218,-78;195,165,27;180,165,-27;215,144,-26;170,131,-29;221,111,5;153,101,0;217,105,7;150,98,1;235,101,-23;154,88,-37
209,224,-40;209,227,-33;209,227,-33;209,227,-33;208,228,-45;208,229,-45;207,229,-45;206,228,4;201,230,-50;207,222,-25;206,223,-41;201,212,35;183,214,-72;210,198,5;200,197,-92;221,211,-74;215,212,-55;224,214,-86;223,216,-61;223,216,-86;221,219,-59;221,215,-77;217,217,-53;196,165,27;180,164,-27;216,144,-12;170,131,-19;221,111,20;153,102,17;217,105,22;151,98,20;235,101,-4;154,88,-16
209,224,-38;209,227,-32;209,227,-32;209,227,-32;208,228,-44;208,228,-44;207,229,-44;206,228,4;201,230,-50;207,222,-24;206,223,-40;202,212,35;183,214,-72;209,198,5;200,197,-90;220,211,-73;216,212,-51;223,214,-86;221,216,-56;222,215,-86;222,218,-55;220,214,-77;217,217,-49;196,165,27;180,164,-27;216,144,-11;170,131,-17;221,111,20;153,102,22;217,105,23;151,99,24;235,101,-4;154,88,-11
209,224,-39;210,227,-32;210,227,-32;210,227,-32;208,228,-44;208,228,-44;207,229,-44;206,228,4;201,230,-50;207,222,-24;206,223,-40;202,212,34;183,214,-72;209,197,5;200,197,-91;220,211,-75;216,212,-55;223,214,-88;220,216,-61;222,215,-88;222,218,-59;220,214,-78;217,216,-53;196,165,27;180,164,-27;216,144,-11;171,131,-16;221,111,22;153,102,22;217,105,24;151,99,25;235,101,-2;154,88,-11
209,224,-43;210,227,-36;210,227,-36;210,227,-36;208,228,-48;208,228,-48;207,229,-48;206,228,0;201,230,-53;207,222,-29;206,223,-44;202,212,31;183,214,-74;209,197,0;200,197,-94;220,211,-79;216,212,-62;223,214,-93;220,216,-68;222,215,-92;221,218,-66;220,214,-82;217,216,-59;196,165,27;180,163,-27;216,144,-13;171,131,-16;221,111,23;153,102,23;217,105,26;151,99,26;235,101,-1;154,88,-10
209,224,-34;210,227,-28;210,227,-28;210,227,-28;209,228,-39;208,228,-39;207,229,-39;206,228,6;202,230,-43;207,222,-20;206,223,-35;204,212,33;184,214,-64;210,197,0;200,197,-79;220,210,-81;215,212,-38;222,213,-95;218,216,-42;220,215,-93;219,218,-41;219,214,-83;216,216,-36;198,165,26;181,164,-26;217,144,-20;171,132,-24;222,111,19;153,102,6;218,106,22;151,99,8;235,101,-5;154,88,-29
209,224,-35;210,227,-28;210,227,-28;210,227,-28;209,228,-39;208,228,-39;207,229,-39;207,228,7;202,230,-43;207,222,-21;206,223,-35;204,212,33;184,214,-63;210,197,0;200,197,-80;220,209,-81;215,212,-40;222,213,-95;220,216,-44;221,214,-92;219,218,-43;219,214,-83;216,216,-38;199,165,25;182,164,-25;218,144,-23;171,132,-26;222,111,18;153,102,6;218,106,22;151,99,8;235,101,-5;154,88,-28
209,224,-36;210,227,-30;210,227,-30;210,227,-30;209,228,-40;208,228,-40;207,229,-40;207,228,5;202,230,-44;207,222,-22;206,223,-36;204,212,33;184,214,-64;210,197,-1;200,197,-84;220,209,-82;215,212,-49;223,213,-95;220,216,-53;221,214,-93;219,218,-52;219,214,-84;216,216,-47;199,165,24;182,164,-24;218,144,-27;171,132,-26;222,111,15;153,102,7;218,106,19;151,99,9;235,101,-7;154,88,-28
210,225,-37;211,228,-30;211,228,-30;211,228,-30;209,229,-40;208,230,-40;207,230,-40;208,229,6;203,231,-39;208,223,-22;206,224,-36;206,211,34;185,215,-58;210,197,-2;200,198,-77;220,209,-82;215,213,-42;221,213,-95;222,216,-45;220,214,-93;220,218,-45;218,213,-84;217,217,-40;201,165,23;183,165,-23;220,143,-26;171,133,-30;223,112,25;153,102,2;219,107,30;151,99,4;235,101,4;154,88,-33
213,225,-54;214,228,-46;214,228,-46;214,228,-46;212,229,-56;211,230,-56;210,231,-56;211,229,0;205,232,-44;210,223,-37;208,224,-50;208,212,33;187,217,-61;213,200,16;200,198,-93;225,209,-40;215,212,-79;227,212,-50;223,216,-85;226,213,-51;221,218,-85;225,212,-43;219,216,-77;202,166,23;184,166,-23;220,142,4;171,135,-33;224,112,66;153,102,-8;220,107,72;151,99,-7;236,101,46;154,88,-48
215,225,-112;217,228,-103;217,228,-103;218,228,-103;215,229,-112;214,230,-112;213,231,-112;215,228,-52;209,232,-94;214,223,-93;211,224,-105;214,212,-13;188,218,-96;230,208,-21;197,203,-167;248,211,-57;213,219,-219;253,212,-62;219,222,-238;252,213,-82;219,224,-234;249,212,-68;218,222,-219;202,168,22;184,168,-22;220,142,42;171,136,-55;225,112,132;154,102,-24;222,108,139;152,99,-24;236,101,106;154,88,-79
218,225,-110;219,228,-103;220,228,-103;220,228,-103;217,229,-112;217,230,-112;215,231,-112;218,228,-57;211,232,-98;217,223,-92;214,224,-104;220,214,-18;191,219,-100;241,211,-18;196,209,-171;266,212,-54;212,220,-228;271,212,-62;216,225,-249;272,214,-74;216,227,-245;270,213,-61;215,225,-229;203,169,22;185,171,-22;219,142,60;171,138,-61;226,112,146;154,103,-33;223,107,152;153,99,-32;236,101,120;154,89,-88
221,225,-95;222,228,-87;222,228,-87;223,228,-87;220,229,-96;219,229,-96;218,230,-96;221,228,-44;213,231,-84;220,223,-78;217,223,-89;223,214,-9;194,219,-91;243,211,-11;196,207,-168;267,212,-37;211,218,-232;274,213,-42;215,223,-252;275,215,-53;215,225,-248;273,213,-43;213,223,-233;204,169,22;186,171,-22;219,142,57;172,138,-58;226,112,133;157,104,-32;223,107,138;156,101,-32;236,101,108;157,90,-84
222,225,-102;223,228,-95;223,228,-95;224,228,-95;221,228,-105;220,228,-105;219,229,-105;221,228,-53;214,230,-97;221,222,-85;218,223,-98;222,215,-18;194,219,-107;243,209,-16;196,205,-180;269,211,-46;211,218,-232;274,213,-53;215,222,-252;276,215,-62;216,224,-247;274,213,-52;215,223,-232;204,170,24;187,171,-24;219,142,60;172,137,-60;225,112,138;158,104,-28;222,106,144;158,101,-28;236,101,118;159,91,-79
223,225,-86;224,228,-80;224,228,-80;224,228,-80;222,228,-90;222,229,-90;220,229,-90;221,229,-47;215,230,-88;222,222,-70;219,223,-83;221,215,0;195,219,-101;240,208,27;197,204,-155;261,208,10;212,216,-204;268,207,7;216,219,-221;268,209,-1;217,222,-218;266,208,5;215,221,-204;205,170,25;188,171,-25;219,142,60;174,137,-58;225,112,135;159,105,-32;222,106,141;158,102,-31;236,101,116;160,91,-80
223,225,-81;224,228,-75;224,228,-75;224,228,-75;222,228,-84;222,229,-84;221,229,-84;221,229,-34;216,230,-87;221,222,-66;219,223,-79;220,214,11;195,219,-90;236,205,20;197,202,-145;255,205,-21;215,215,-183;261,204,-28;219,219,-199;261,206,-34;219,222,-197;259,206,-25;217,220,-183;206,170,25;189,170,-25;220,142,60;176,137,-54;226,112,139;160,105,-29;222,106,146;159,102,-28;236,101,123;161,91,-75
223,225,-81;224,228,-73;224,228,-73;224,228,-73;222,228,-83;222,229,-83;220,229,-83;221,229,-32;216,231,-79;221,222,-63;219,223,-77;219,212,13;195,219,-89;232,201,22;198,198,-145;252,203,-17;215,214,-188;258,203,-23;219,217,-204;257,205,-28;219,221,-202;255,205,-20;216,219,-188;206,169,25;189,170,-25;220,142,60;177,137,-45;226,112,141;161,105,-18;222,106,147;159,102,-17;236,101,126;162,91,-61
223,225,-69;224,228,-62;224,228,-62;224,228,-62;222,228,-73;222,229,-73;221,229,-73;221,229,-20;216,231,-70;221,222,-52;219,223,-66;219,212,19;194,219,-75;223,198,24;198,196,-121;240,202,-20;214,213,-153;244,204,-28;219,216,-165;245,205,-31;216,221,-165;244,205,-24;214,218,-153;206,169,24;189,170,-24;220,142,56;177,137,-35;226,112,128;162,105,-12;222,106,134;161,102,-11;236,101,112;162,91,-53
222,225,-61;223,228,-55;223,228,-55;224,228,-55;222,228,-66;221,229,-66;221,229,-66;220,229,-14;216,231,-65;220,222,-45;219,223,-60;217,212,19;194,219,-70;218,196,-11;198,194,-90;232,204,-101;216,210,-89;235,207,-118;223,212,-98;235,209,-117;222,217,-98;233,208,-105;218,215,-88;206,169,24;189,170,-24;220,143,52;178,137,-29;226,112,122;163,105,-7;222,106,125;162,102,-7;237,101,107;163,91,-50
222,224,-41;223,227,-35;223,227,-35;223,227,-35;222,228,-46;221,228,-46;220,229,-46;220,228,0;215,231,-51;220,222,-27;218,223,-42;216,212,25;194,218,-59;218,197,-12;198,193,-63;225,210,-103;216,210,-28;226,214,-119;224,213,-31;224,215,-115;222,218,-32;222,214,-105;219,215,-26;206,170,24;189,171,-24;220,143,43;178,137,-30;226,112,97;162,105,-9;222,106,101;161,102,-8;237,101,78;163,91,-50
220,224,-43;221,227,-37;221,227,-37;221,227,-37;220,227,-49;219,228,-49;219,229,-49;217,228,-2;214,230,-55;218,222,-29;216,223,-45;213,213,24;192,218,-63;220,198,-11;199,192,-65;222,214,-94;216,210,-27;221,219,-110;223,214,-31;219,220,-104;221,218,-32;218,218,-95;217,215,-25;204,170,24;188,171,-24;219,143,37;178,137,-27;226,112,93;162,105,-3;222,106,97;161,102,-1;237,101,71;163,91,-40
218,224,-47;218,226,-41;218,227,-41;218,227,-41;218,227,-53;217,228,-53;216,228,-53;215,228,-5;212,230,-59;215,221,-32;214,222,-48;210,213,23;190,217,-68;215,198,-6;198,192,-73;221,212,-86;215,210,-38;221,216,-101;222,214,-43;220,217,-98;219,218,-44;219,216,-88;216,216,-37;202,170,24;187,170,-24;218,144,28;177,137,-22;226,112,79;162,105,9;222,106,83;161,102,11;237,101,57;163,91,-27
215,223,-34;216,226,-29;216,226,-29;216,226,-29;215,227,-41;214,227,-41;214,228,-41;212,228,2;209,230,-52;212,221,-21;211,222,-37;207,213,30;188,216,-61;214,198,10;196,192,-60;220,212,-59;213,209,-18;220,216,-71;220,214,-21;219,217,-68;217,218,-22;217,216,-61;215,214,-17;201,170,24;186,170,-24;217,144,15;177,137,-24;226,112,56;162,105,4;222,106,59;161,102,6;237,101,33;163,91,-31
213,223,-29;214,226,-24;214,226,-24;214,226,-24;213,227,-36;212,227,-36;212,228,-36;210,228,7;207,230,-47;211,221,-16;210,222,-32;206,213,35;186,216,-56;211,197,11;194,192,-57;220,211,-61;210,207,-23;222,215,-73;215,211,-26;220,216,-71;214,213,-26;219,215,-63;212,212,-22;200,171,23;185,170,-23;217,145,3;177,137,-27;226,112,33;162,105,0;222,106,34;161,102,2;237,101,6;163,91,-38
212,223,-22;213,226,-17;213,226,-17;213,226,-17;212,227,-29;212,227,-29;211,228,-29;209,228,12;206,230,-40;210,221,-10;209,222,-25;205,214,39;186,215,-53;212,199,13;194,192,-50;220,213,-57;211,207,-3;221,217,-69;216,211,-3;219,217,-66;215,213,-3;218,215,-59;213,212,0;199,171,23;185,170,-23;216,146,-2;177,137,-25;226,112,13;162,105,-1;222,107,13;161,102,-1;237,102,-15;163,91,-41
211,223,-23;212,226,-17;212,226,-17;211,226,-17;211,227,-29;210,227,-29;210,228,-29;208,227,12;205,230,-40;208,221,-10;207,222,-26;203,214,39;184,215,-53;212,201,13;193,192,-52;220,213,-59;210,206,-9;221,216,-71;215,210,-10;219,217,-69;215,214,-11;217,215,-61;213,211,-7;199,171,23;184,170,-23;216,146,1;177,137,-26;226,112,24;162,105,-1;222,107,25;161,102,-1;237,102,-3;163,91,-42
210,223,-26;210,226,-21;210,226,-21;210,226,-21;210,227,-32;209,227,-32;208,228,-32;207,227,10;204,230,-42;207,221,-13;206,222,-29;202,214,35;183,215,-53;214,204,11;192,192,-53;219,214,-69;209,206,-13;220,217,-82;214,210,-15;217,217,-79;214,213,-16;216,216,-71;212,211,-11;198,171,23;184,170,-23;215,146,2;177,137,-22;226,112,27;162,105,5;223,107,28;161,102,6;237,102,-1;163,91,-31
208,223,-23;209,226,-18;209,226,-18;209,226,-18;208,227,-30;207,227,-30;206,228,-30;205,227,12;202,230,-40;206,221,-11;205,222,-26;202,215,36;182,215,-49;210,202,9;190,192,-51;217,214,-68;207,206,-14;219,217,-81;212,210,-16;216,217,-79;211,212,-16;216,216,-70;209,212,-12;198,171,22;183,170,-22;215,146,-2;177,137,-21;226,113,19;162,105,8;223,107,20;161,102,9;237,102,-11;163,91,-28
207,223,-27;207,226,-21;207,226,-21;208,226,-21;207,227,-32;206,227,-32;205,228,-32;205,228,11;201,230,-39;205,221,-14;204,222,-29;201,215,35;181,215,-49;209,200,4;190,194,-54;217,214,-73;207,206,-17;218,218,-86;212,210,-20;215,218,-83;210,213,-19;215,217,-75;209,212,-15;198,171,22;183,170,-22;214,146,5;177,136,-19;226,113,38;162,105,13;223,107,39;161,102,15;237,102,9;163,91,-23
206,223,-28;207,226,-22;207,226,-22;207,226,-22;206,227,-34;205,228,-34;205,228,-34;204,228,10;200,230,-41;204,221,-15;203,222,-30;201,215,35;181,215,-52;210,199,4;190,194,-57;217,214,-73;207,208,-20;218,219,-86;213,213,-23;216,219,-84;211,214,-22;215,217,-75;210,213,-18;198,171,22;183,170,-22;214,145,7;177,136,-15;226,113,42;162,105,23;223,107,44;161,102,26;237,102,14;163,91,-11
