288,263,-6;288,266,-18;288,266,-18;288,267,-18;288,266,-3;288,266,-3;289,267,-3;293,267,-49;292,267,18;291,261,-14;291,261,4;302,253,-78;311,255,62;288,227,-73;306,225,117;279,251,1;294,231,141;276,255,0;293,234,152;280,257,4;289,251,144;281,256,6;290,246,138;302,192,-46;313,192,46;283,152,-21;316,152,102;282,108,0;322,116,153;287,99,2;326,108,159;262,99,-5;314,111,160
288,263,-6;288,266,-18;288,266,-18;288,266,-18;288,266,-3;288,266,-3;288,266,-3;293,267,-47;292,267,18;291,261,-14;291,261,4;302,253,-74;311,255,62;288,227,-75;305,225,106;279,251,-17;294,231,125;277,255,-20;293,234,134;281,257,-16;292,237,128;282,256,-13;292,236,123;302,192,-43;314,192,43;283,152,-28;316,152,67;282,108,-10;323,115,89;287,99,-7;326,107,91;264,99,-15;311,109,85
288,262,-6;288,266,-18;288,266,-18;288,266,-18;288,266,-3;288,266,-3;288,266,-3;293,267,-46;292,267,18;291,260,-14;291,260,4;303,253,-74;312,255,61;289,228,-75;304,225,104;279,251,-11;294,232,125;278,255,-13;293,236,134;281,257,-10;292,239,129;282,256,-7;292,238,123;302,192,-42;314,192,42;283,152,-27;316,152,62;282,108,-7;324,114,83;287,100,-4;326,106,85;266,99,-13;310,105,78
288,262,-7;288,266,-19;288,266,-19;289,266,-19;288,265,-4;288,266,-4;288,266,-4;293,267,-47;292,267,17;291,260,-15;291,260,3;303,253,-74;312,255,60;289,228,-78;304,224,100;279,251,-21;295,231,116;278,255,-25;294,234,123;281,257,-21;293,235,118;282,256,-17;293,234,113;302,192,-42;314,192,42;283,153,-27;317,152,63;282,108,-6;324,114,87;287,100,-4;326,106,89;267,99,-11;309,104,81
288,262,-10;288,266,-21;288,266,-21;289,266,-21;288,265,-7;288,265,-7;288,266,-7;293,267,-48;293,267,16;291,260,-17;291,259,0;303,254,-74;312,255,59;290,228,-82;304,224,98;279,251,-27;295,227,108;278,255,-31;294,229,115;281,257,-27;293,231,108;282,256,-23;293,230,106;302,192,-42;314,192,42;281,154,-30;317,152,69;282,109,-7;324,114,98;287,101,-5;327,106,101;266,99,-12;310,106,94
288,262,-10;288,265,-21;288,266,-21;289,266,-21;288,265,-7;288,265,-7;288,266,-7;293,267,-48;293,267,16;291,260,-18;291,259,0;304,254,-75;312,255,60;290,229,-81;304,224,101;279,251,-25;295,227,111;278,255,-29;294,230,117;281,257,-25;293,232,111;282,256,-21;293,231,108;302,192,-42;314,192,42;278,155,-34;317,152,65;282,109,-13;325,114,90;287,102,-10;328,106,92;266,99,-17;311,106,84
288,262,-11;288,265,-22;288,266,-22;289,266,-22;288,265,-7;288,265,-7;288,265,-7;294,267,-48;293,267,16;291,260,-18;291,259,0;304,254,-74;312,255,60;291,229,-81;304,222,97;279,251,-29;295,222,99;278,255,-34;294,222,105;281,257,-30;293,224,98;282,256,-26;293,225,96;302,192,-42;314,192,42;276,156,-35;317,153,68;280,110,-14;325,114,94;286,102,-11;328,106,97;266,99,-18;311,107,89
288,261,-13;288,265,-23;288,266,-23;289,266,-23;288,265,-9;288,265,-9;288,265,-9;294,267,-47;293,266,16;291,259,-19;291,259,0;304,254,-73;312,255,65;291,228,-80;302,225,105;279,251,-28;291,235,110;278,255,-32;290,240,118;280,257,-28;287,251,111;282,256,-24;288,250,107;302,192,-43;314,192,43;275,156,-40;317,153,67;277,110,-21;325,114,94;283,102,-19;329,106,96;261,99,-29;312,108,88
288,261,-18;288,265,-27;288,265,-27;289,266,-27;287,265,-13;288,265,-13;288,265,-13;294,267,-47;292,266,16;291,259,-22;291,259,-3;304,254,-69;310,255,69;290,228,-82;301,226,112;279,251,-43;291,234,110;277,255,-49;290,237,121;280,257,-46;288,242,115;281,256,-40;288,247,109;302,192,-44;314,192,44;275,156,-43;316,153,68;274,110,-26;325,115,97;279,102,-25;329,106,100;257,100,-39;314,109,89
287,261,-16;287,265,-27;288,265,-27;288,266,-27;287,265,-12;287,265,-12;287,265,-12;293,267,-44;291,266,18;291,259,-20;290,259,-3;303,254,-67;308,255,68;290,228,-90;300,226,111;278,251,-67;291,233,114;277,255,-75;289,236,122;280,257,-71;288,237,115;281,256,-64;288,237,112;302,192,-44;313,192,44;274,155,-43;316,153,67;269,110,-29;326,115,94;272,102,-28;329,107,96;252,101,-43;315,110,86
285,261,-15;285,265,-26;285,265,-26;286,265,-26;285,264,-11;285,265,-11;286,265,-11;290,267,-43;289,266,18;288,259,-20;288,259,-2;299,254,-67;306,254,67;287,230,-91;299,226,110;276,252,-67;289,232,113;275,256,-75;287,235,119;279,258,-71;286,237,111;280,257,-64;286,236,109;300,192,-43;312,192,43;274,155,-40;316,153,67;266,110,-27;326,116,93;269,102,-25;329,107,96;247,101,-40;315,111,86
281,261,-14;281,264,-25;282,265,-25;282,265,-25;281,264,-10;281,265,-10;282,265,-10;287,267,-43;286,266,18;284,259,-20;284,258,-2;296,254,-68;303,254,67;282,232,-91;292,232,111;273,253,-63;281,244,115;272,257,-71;279,249,120;275,259,-68;281,256,114;276,258,-61;281,254,110;298,193,-43;310,192,43;272,155,-39;315,154,63;264,110,-26;326,116,86;268,102,-25;329,107,88;245,101,-39;315,111,78
279,262,-14;280,266,-24;280,266,-24;281,266,-24;279,266,-10;279,266,-10;278,266,-10;284,267,-38;281,266,19;281,259,-17;280,259,-1;290,254,-60;301,254,70;277,237,-94;294,231,130;265,254,-85;280,239,167;264,258,-93;278,243,180;265,260,-89;276,250,172;267,258,-82;277,246,165;294,193,-42;308,192,42;271,155,-40;315,154,52;264,110,-31;326,116,62;268,102,-30;329,108,62;245,101,-42;315,112,54
275,262,44;276,266,31;276,266,31;276,266,30;275,266,42;275,266,42;275,266,42;280,267,-8;279,266,44;277,259,32;277,259,48;283,254,-37;303,254,71;265,249,-37;299,230,140;253,259,20;283,224,202;249,263,19;281,223,216;251,264,19;280,224,210;253,263,22;280,224,201;290,193,-36;307,193,36;269,155,-40;314,154,45;263,109,-41;326,116,41;267,102,-40;328,108,41;245,101,-49;314,112,34
271,260,77;270,264,61;270,264,61;270,264,61;271,264,72;272,264,72;272,264,71;272,264,9;276,265,57;273,257,61;274,257,74;276,252,-28;304,252,67;256,255,-45;304,229,128;242,259,-2;285,216,183;241,263,-5;282,213,196;243,264,-3;281,212,190;245,263,0;281,213,182;287,192,-32;306,192,31;267,154,-29;314,154,54;262,109,-34;325,116,67;266,102,-32;327,108,68;245,101,-35;315,113,62
267,259,81;266,263,66;266,263,66;266,263,66;267,263,76;268,263,76;269,264,76;268,264,13;272,264,62;269,256,65;270,256,79;272,252,-26;302,251,67;248,257,-59;303,229,119;235,258,-39;290,212,165;238,256,-46;286,204,176;240,255,-42;284,202,170;242,255,-38;284,204,164;286,192,-32;305,192,32;266,154,-29;314,155,61;263,109,-30;324,116,72;266,102,-28;327,108,73;245,101,-36;315,113,67
264,257,76;263,261,61;263,261,61;262,262,61;264,262,72;265,262,72;266,263,72;265,262,10;269,263,60;265,255,60;266,255,74;267,252,-29;300,251,67;240,257,-57;303,229,119;215,257,-19;290,214,179;207,256,-23;286,209,193;206,256,-17;283,209,187;211,255,-16;284,211,178;285,192,-30;304,193,30;266,154,-28;314,155,61;263,107,-29;324,116,75;266,101,-27;327,108,77;245,101,-36;313,113,70
261,255,62;260,259,48;259,260,48;259,260,48;261,260,60;262,260,60;263,261,60;263,261,0;266,262,55;263,254,47;264,254,63;268,252,-38;297,251,67;240,257,-72;303,230,119;210,258,-41;289,215,175;204,256,-48;285,211,189;204,256,-40;282,211,181;206,255,-38;283,212,173;284,192,-31;304,193,31;265,153,-17;313,155,62;262,107,-5;325,116,77;266,101,-2;327,108,81;244,100,-10;313,113,72
261,255,68;260,259,54;259,259,54;259,260,54;261,260,66;262,260,66;262,261,66;262,261,5;266,262,60;263,254,53;264,254,69;268,253,-34;296,251,73;239,257,-54;303,230,133;222,258,2;289,217,196;208,257,0;286,215,211;217,261,6;282,215,205;221,260,6;283,216,195;284,192,-32;303,194,32;264,153,-20;313,155,57;262,107,-7;325,116,69;266,100,-4;327,108,71;244,99,-9;313,113,64
260,255,59;259,259,45;259,259,45;259,260,45;260,259,57;261,260,57;262,260,57;262,261,0;265,262,55;262,254,44;263,254,61;268,253,-38;297,251,73;238,257,-59;303,230,134;211,258,-8;289,221,207;203,257,-10;286,219,223;204,259,-4;282,219,218;207,259,-5;283,220,206;283,192,-30;302,194,30;265,153,-21;314,155,56;262,107,-11;325,115,67;267,100,-9;327,108,69;245,99,-17;313,113,62
261,255,65;260,259,51;260,259,51;260,260,51;261,259,63;262,260,63;262,260,63;263,261,3;266,262,59;263,254,50;264,254,66;268,253,-34;297,251,71;238,257,-58;304,230,135;210,257,-11;290,222,209;203,255,-13;287,220,226;204,256,-7;283,220,220;207,256,-8;284,220,209;283,192,-29;302,194,29;265,153,-22;314,155,57;262,107,-13;325,115,69;267,99,-11;327,108,71;245,99,-20;313,113,65
261,256,60;260,259,46;260,260,46;260,260,46;261,259,58;261,260,58;262,260,58;264,261,0;266,262,55;263,254,45;264,254,62;269,253,-36;297,251,66;241,255,-64;304,231,127;217,253,-24;291,223,192;210,252,-27;289,221,206;216,255,-19;285,220,200;214,252,-20;285,220,191;283,192,-28;302,194,28;265,153,-14;314,155,50;263,107,-2;325,115,56;267,99,0;327,108,57;246,99,-5;315,114,49
262,256,57;261,259,43;261,260,43;261,260,43;262,259,55;262,260,55;263,260,55;265,261,-4;267,262,53;264,254,43;265,254,59;271,254,-40;297,251,62;244,252,-88;304,231,118;221,251,-79;292,221,178;214,251,-87;290,218,193;216,252,-78;286,218,185;218,251,-75;287,219,177;284,192,-28;303,194,28;265,152,-17;314,156,51;263,107,-6;325,116,58;268,99,-3;327,109,59;247,99,-6;318,114,50
263,256,62;262,259,47;262,260,47;262,260,47;263,259,59;263,260,59;264,260,59;266,261,0;268,262,53;265,254,47;266,254,62;272,254,-34;298,252,62;247,246,-45;304,229,110;230,250,1;292,217,157;227,250,0;290,215,169;229,252,5;287,215,163;231,251,4;287,216,156;284,192,-29;303,194,28;266,152,-20;314,157,48;263,107,-17;325,117,49;268,99,-15;328,109,50;247,99,-18;320,111,43
265,256,63;264,260,48;264,261,48;264,261,48;265,261,60;266,261,60;266,261,60;267,262,0;270,263,54;267,255,48;268,255,63;272,254,-36;298,253,64;257,242,-53;304,229,111;239,249,-13;294,213,153;236,250,-17;293,210,164;237,252,-10;291,210,157;238,251,-10;291,211,151;284,193,-31;303,194,31;266,152,-28;314,157,48;263,107,-25;325,117,49;268,99,-24;328,109,49;247,99,-31;319,113,41
268,257,44;267,262,29;267,262,29;267,262,29;268,262,42;268,262,42;269,262,42;271,263,-14;272,264,41;270,256,31;271,256,47;278,254,-47;298,254,62;263,236,-55;301,228,111;247,249,-9;286,219,151;244,250,-11;284,218,163;247,255,-7;283,220,156;248,252,-5;283,220,150;285,192,-32;303,194,32;266,152,-27;314,157,53;264,107,-23;326,117,63;268,99,-21;329,109,65;247,99,-30;319,113,62
273,259,40;272,263,25;272,263,25;272,263,25;272,263,38;272,263,38;272,264,38;275,264,-15;275,264,39;274,257,27;274,257,44;282,254,-46;298,254,66;272,231,-47;292,232,117;256,250,4;274,242,158;254,251,4;271,247,170;257,255,6;270,249,164;258,252,7;271,247,157;287,192,-33;304,193,33;268,153,-27;314,157,42;264,107,-23;326,117,40;268,99,-21;329,109,40;247,100,-28;318,113,32
275,260,32;274,263,19;274,263,19;274,263,18;275,264,31;275,264,31;276,264,31;276,264,-21;279,265,34;277,258,21;278,258,37;284,253,-51;301,254,64;278,227,-59;293,232,109;263,248,-17;277,241,141;263,251,-19;274,247,151;264,254,-15;274,250,147;265,252,-13;275,248,139;290,192,-34;305,193,34;269,154,-27;314,157,45;265,107,-23;327,117,48;268,99,-21;330,109,49;248,100,-28;318,114,40
278,260,25;277,263,11;277,263,11;277,263,11;278,264,24;278,264,24;278,264,24;279,264,-27;281,265,29;280,258,13;281,259,30;287,252,-56;304,254,61;283,224,-73;294,231,104;270,246,-45;280,241,132;269,250,-50;277,245,142;271,253,-46;275,248,137;272,251,-42;276,247,131;292,192,-36;307,192,36;270,154,-30;314,157,57;265,107,-27;327,117,73;268,99,-27;330,110,74;248,101,-35;318,114,67
280,260,11;278,263,-1;278,263,-1;278,263,-1;279,264,11;280,264,11;280,264,11;281,264,-34;283,265,22;282,258,1;283,259,17;290,251,-60;306,255,58;286,222,-71;295,231,99;274,245,-33;281,243,121;272,249,-37;278,249,128;274,252,-33;279,251,123;275,250,-30;280,249,118;294,192,-36;308,192,36;272,154,-31;314,157,62;265,107,-26;327,117,84;268,100,-25;330,110,86;248,101,-35;317,114,79
282,260,7;281,263,-4;281,263,-4;281,263,-4;282,264,8;282,264,8;282,265,8;284,264,-35;285,265,22;284,258,-1;285,259,15;294,251,-60;306,255,59;288,223,-71;296,231,101;276,245,-33;282,244,115;275,249,-37;280,251,122;277,251,-35;281,251,116;278,250,-31;282,249,112;297,192,-38;310,192,38;274,155,-38;314,156,64;265,108,-38;327,117,86;268,100,-38;330,109,88;248,101,-52;316,114,80
284,260,-11;283,263,-22;284,263,-22;284,264,-22;284,264,-8;284,264,-8;284,264,-8;288,264,-46;288,265,14;287,258,-17;287,259,0;299,251,-68;307,255,59;288,225,-71;296,231,100;277,245,-24;282,245,103;275,249,-28;280,252,107;278,251,-31;282,252,101;279,250,-22;283,251,100;299,192,-40;311,192,40;275,155,-45;315,156,73;265,109,-43;327,117,105;268,101,-43;330,109,108;247,101,-58;315,114,102
287,261,-18;287,264,-28;287,264,-28;287,265,-28;286,264,-14;286,265,-14;286,265,-14;291,266,-48;289,265,13;291,259,-23;290,259,-5;301,252,-70;308,255,60;288,226,-79;298,227,97;279,247,-38;288,237,91;277,251,-44;286,241,95;280,253,-44;286,244,89;281,252,-36;286,243,88;301,192,-41;313,192,41;276,155,-44;316,155,73;264,110,-39;327,117,107;267,102,-39;329,109,110;247,102,-55;315,114,101
