255,279,-94;255,283,-84;255,284,-84;255,284,-84;253,284,-100;251,284,-100;250,285,-100;250,284,-29;243,284,-102;253,276,-72;251,276,-94;244,264,39;226,261,-123;245,241,120;246,233,-117;261,261,143;265,257,-62;265,265,147;268,264,-67;262,266,139;265,266,-71;260,265,139;263,264,-62;240,200,43;220,197,-43;265,174,23;213,158,-50;267,136,112;191,117,9;259,127,120;186,113,13;287,125,88;204,99,-40
255,278,-55;255,282,-49;255,282,-49;255,283,-49;253,282,-65;251,283,-65;250,283,-65;249,283,-12;243,284,-86;253,274,-40;251,275,-62;242,264,39;225,260,-109;248,247,97;246,232,-107;262,262,101;265,257,-57;266,267,101;268,264,-62;263,268,97;265,266,-65;261,266,97;263,264,-56;240,200,40;220,197,-40;265,174,45;213,157,-27;267,136,104;191,117,5;260,127,108;185,112,5;287,125,84;204,98,-40
254,276,-61;253,281,-54;253,281,-54;253,282,-54;252,281,-70;250,282,-70;249,282,-70;248,282,-13;242,283,-86;252,273,-44;250,273,-66;239,264,42;224,258,-109;249,247,106;246,232,-108;262,262,120;264,257,-55;266,267,122;268,264,-59;263,268,113;264,265,-61;260,266,116;262,263,-53;240,200,41;221,196,-41;266,174,23;213,156,-25;267,136,63;191,117,9;260,127,66;185,112,9;287,124,40;204,98,-31
254,276,-39;253,281,-33;253,281,-33;253,282,-33;252,281,-51;250,281,-51;249,282,-51;247,282,0;242,283,-80;252,273,-25;250,273,-48;239,264,49;224,257,-106;251,248,105;246,232,-99;262,262,104;264,257,-32;267,267,105;268,264,-35;263,268,99;264,265,-37;260,267,100;262,263,-30;240,200,41;221,196,-41;267,174,25;213,155,-10;267,136,69;191,117,35;260,127,72;185,112,37;287,124,46;204,98,-3
253,276,-43;253,280,-36;253,281,-36;253,281,-36;251,280,-53;250,281,-53;249,281,-53;247,282,1;242,282,-76;251,272,-27;249,273,-50;240,264,47;224,256,-100;256,248,70;246,230,-93;264,262,29;264,256,-28;268,267,23;268,263,-31;263,268,21;264,264,-33;262,266,26;262,262,-26;241,200,41;223,196,-40;271,174,25;213,154,-18;268,137,82;191,117,32;261,129,87;185,112,36;287,124,61;203,98,-5
254,275,-32;253,280,-26;253,280,-26;253,281,-26;252,280,-43;251,280,-43;250,281,-43;247,281,7;242,281,-71;251,272,-18;250,272,-41;240,263,51;224,256,-97;254,243,83;249,230,-96;268,260,61;267,255,-39;273,266,57;271,262,-43;268,267,54;267,263,-45;265,265,57;264,261,-37;243,200,41;224,195,-41;274,175,15;214,153,-25;270,139,86;191,117,25;263,132,92;185,112,28;287,124,65;203,98,-15
254,274,-33;253,279,-27;253,279,-27;253,280,-27;252,279,-44;251,279,-44;250,280,-44;247,281,4;243,281,-74;251,271,-20;250,271,-43;240,263,51;224,256,-101;254,239,92;252,230,-99;268,258,86;270,255,-43;273,266,86;274,262,-46;269,267,81;270,264,-49;266,264,83;267,261,-41;245,200,41;226,195,-41;277,175,26;215,152,-27;272,140,119;191,117,31;265,135,127;185,112,35;288,124,102;202,98,-8
255,274,-32;254,279,-26;254,279,-26;253,280,-26;253,279,-43;252,279,-43;251,280,-43;247,281,6;243,280,-71;252,271,-19;251,271,-41;243,263,49;226,255,-97;256,239,65;255,231,-92;269,258,18;272,254,-29;273,265,11;276,261,-33;269,265,8;272,263,-33;267,263,14;270,260,-27;250,200,40;229,195,-40;279,175,30;215,152,-30;277,142,124;191,117,23;270,136,133;185,111,27;293,125,111;201,97,-9
256,274,-40;255,279,-35;255,279,-35;255,280,-35;254,279,-53;253,279,-53;251,280,-53;249,280,2;244,280,-67;253,271,-27;252,271,-50;246,263,49;228,256,-90;261,241,50;256,231,-89;270,258,-3;273,254,-24;273,265,-11;277,261,-26;269,265,-10;273,263,-26;267,263,-6;272,260,-21;252,200,38;232,195,-38;282,176,24;216,152,-44;283,142,115;191,117,-6;278,136,123;185,111,-4;300,126,100;202,97,-47
260,275,-45;259,280,-38;259,280,-38;259,280,-38;257,280,-55;256,280,-55;254,280,-55;254,280,5;248,280,-61;258,271,-30;255,272,-51;253,262,49;231,256,-88;262,241,50;255,231,-93;270,260,3;273,254,-31;273,266,-2;277,261,-33;270,266,0;274,263,-32;268,263,1;273,260,-28;256,200,36;233,195,-36;284,176,3;217,153,-48;291,142,90;191,117,-7;286,135,97;185,111,-4;311,127,74;201,97,-48
265,275,-119;264,280,-107;264,280,-107;264,281,-107;262,280,-122;261,280,-122;259,281,-122;259,280,-44;253,280,-110;264,272,-95;262,272,-114;259,265,27;233,256,-126;273,252,100;256,231,-152;281,263,133;274,254,-126;285,267,141;279,262,-135;282,268,136;278,263,-132;281,268,131;275,260,-123;258,201,35;235,197,-35;285,176,48;218,155,-61;298,142,161;191,117,-26;295,135,170;186,111,-24;318,128,143;201,97,-78
265,276,-108;265,280,-95;265,281,-95;265,281,-95;262,280,-109;261,281,-109;259,281,-109;260,281,-33;253,281,-97;264,272,-84;261,272,-102;261,265,32;233,258,-117;271,250,89;255,232,-153;280,264,94;273,257,-137;282,268,96;278,263,-146;281,269,94;277,265,-141;277,273,91;274,262,-133;260,201,35;236,197,-35;284,176,46;219,156,-58;298,143,160;191,117,-20;294,135,169;186,111,-18;318,128,141;201,98,-73
269,277,-90;268,281,-80;268,282,-80;268,282,-80;266,281,-95;265,282,-95;263,282,-95;263,282,-28;257,281,-92;268,274,-69;265,273,-88;266,267,23;237,260,-116;285,267,24;256,232,-134;297,267,-34;273,257,-107;294,268,-44;278,263,-117;297,269,-49;275,265,-118;295,271,-39;273,262,-105;263,202,33;239,199,-33;287,175,92;220,158,-68;304,142,204;192,117,-50;301,135,213;187,111,-51;323,128,185;201,99,-109
276,277,-113;275,282,-106;274,282,-106;274,282,-106;273,281,-122;272,282,-122;271,282,-122;268,282,-58;264,282,-131;274,274,-93;272,273,-114;271,268,-10;242,261,-150;294,273,-17;266,245,-204;323,276,-80;280,259,-208;332,276,-91;287,263,-227;332,275,-102;284,265,-224;330,276,-88;284,263,-207;266,202,34;243,200,-34;290,174,114;223,159,-87;307,142,241;194,117,-62;304,135,252;189,112,-62;325,128,223;201,99,-124
279,278,-131;278,282,-122;278,282,-122;278,282,-122;276,282,-135;274,282,-135;273,282,-135;273,282,-67;267,282,-127;277,274,-109;274,274,-127;279,267,-17;245,262,-141;311,275,-10;264,242,-218;341,282,-52;285,259,-267;352,284,-62;289,263,-291;353,284,-76;288,265,-287;349,283,-61;287,263,-267;270,202,34;247,200,-34;293,174,110;227,160,-86;307,142,239;198,120,-57;304,134,250;193,115,-56;326,128,219;202,99,-121
283,277,-151;282,281,-141;282,281,-141;283,282,-141;279,281,-153;278,282,-153;276,282,-153;278,281,-85;270,281,-137;282,274,-128;278,274,-143;285,267,-32;250,262,-146;316,274,-25;267,238,-222;346,282,-64;290,259,-275;356,284,-73;293,264,-298;357,284,-85;290,266,-293;353,283,-72;289,264,-274;274,202,31;251,200,-31;297,174,53;232,161,-84;307,141,168;204,124,-43;302,132,176;200,121,-41;327,128,136;205,103,-105
283,277,-133;282,280,-124;282,281,-124;282,281,-124;280,281,-136;278,281,-136;276,281,-136;279,281,-71;271,281,-125;281,274,-112;278,273,-128;285,268,-25;250,261,-137;317,275,-25;266,238,-206;348,283,-69;290,259,-250;356,285,-79;292,264,-271;357,285,-91;290,267,-266;354,284,-77;289,264,-249;274,202,29;251,200,-29;297,174,2;233,162,-93;307,140,98;204,125,-45;303,132,105;200,122,-43;328,127,65;205,105,-107
289,273,-125;289,276,-116;290,276,-116;290,277,-116;287,277,-128;285,277,-128;283,278,-128;286,277,-64;278,278,-118;287,270,-104;284,270,-119;291,265,-20;255,260,-130;311,264,-40;273,234,-191;331,266,-114;294,258,-227;338,266,-128;298,264,-246;340,267,-133;295,266,-240;336,266,-120;294,264,-225;280,201,24;256,200,-24;306,175,-61;239,164,-30;309,139,19;215,130,43;305,132,25;212,127,48;328,127,-15;220,111,-4
290,272,-112;291,276,-102;291,276,-102;292,276,-102;289,276,-113;287,276,-113;286,277,-113;288,276,-44;281,277,-95;289,269,-89;286,269,-103;291,263,-3;259,259,-110;309,253,-49;275,233,-147;315,260,-161;298,256,-126;317,262,-183;304,261,-137;312,263,-181;301,263,-133;312,262,-166;300,261,-123;281,201,27;258,200,-27;308,175,-45;243,164,-31;310,139,25;220,131,26;304,132,31;217,127,30;329,127,-6;226,112,-21
293,272,-56;293,276,-47;294,276,-47;294,276,-47;291,276,-59;290,277,-60;288,277,-60;291,276,-1;283,277,-57;291,269,-38;289,269,-54;292,261,38;261,258,-77;295,239,48;279,229,-95;305,257,10;300,255,-55;309,261,5;305,261,-58;305,263,4;301,263,-56;303,261,7;299,261,-51;283,200,27;260,199,-27;310,176,-59;246,164,1;310,139,-18;224,130,74;304,132,-15;220,126,79;329,127,-51;228,111,37
295,271,-43;295,276,-36;295,276,-36;295,276,-36;293,276,-51;292,276,-51;291,277,-51;291,276,4;284,277,-62;293,268,-26;291,268,-46;291,260,39;262,257,-82;293,239,24;280,228,-81;304,254,-69;301,254,-19;308,259,-83;305,260,-21;304,260,-83;302,262,-20;302,259,-73;300,261,-16;283,200,28;261,198,-28;311,176,-25;247,163,1;309,140,24;224,129,73;303,132,28;220,126,79;329,127,-2;228,111,40
294,272,-68;294,276,-59;295,276,-59;295,276,-59;292,276,-73;291,277,-73;289,277,-73;291,276,-11;284,277,-73;292,268,-49;290,269,-67;291,260,26;261,256,-91;299,241,-24;279,227,-107;306,256,-146;303,254,-59;309,260,-166;307,260,-64;306,261,-163;303,262,-61;303,259,-149;301,260,-55;283,200,28;261,198,-28;311,177,-40;247,163,-8;309,140,18;225,129,63;303,132,24;221,126,68;328,127,-7;228,110,26
294,272,-62;293,277,-54;293,277,-54;294,277,-54;292,277,-68;290,277,-68;289,278,-68;290,277,-8;284,277,-72;292,269,-44;289,269,-63;291,260,27;262,256,-93;299,244,-17;279,228,-107;305,258,-127;302,255,-55;309,261,-146;306,260,-60;305,261,-144;302,262,-58;301,261,-131;300,260,-51;283,201,31;262,198,-31;311,177,-33;247,163,-17;309,140,43;224,129,40;303,132,48;220,125,44;328,127,18;228,110,-1
294,272,-48;293,277,-40;293,277,-40;293,277,-40;291,277,-54;290,277,-54;289,278,-54;289,277,2;283,278,-62;292,269,-31;290,269,-50;290,260,37;262,256,-84;298,246,-1;281,229,-91;303,259,-93;301,255,-33;307,262,-108;304,261,-36;302,263,-109;301,263,-36;300,262,-98;299,261,-30;283,201,31;262,199,-31;310,177,-27;247,163,-22;309,140,24;224,129,26;302,132,27;220,125,29;328,127,-1;228,110,-5
295,272,-44;294,277,-37;294,277,-37;293,278,-37;292,277,-52;291,277,-52;290,278,-52;289,278,2;284,278,-62;292,269,-28;291,269,-47;290,261,34;262,256,-83;298,247,-6;281,229,-86;303,259,-112;300,255,-26;307,263,-130;305,261,-29;303,263,-128;301,263,-29;300,262,-116;299,261,-23;282,202,30;261,200,-30;309,177,-21;247,163,-19;308,140,41;224,128,31;302,132,46;220,125,34;327,127,15;228,110,-5
295,272,-45;294,277,-38;294,278,-38;294,278,-38;292,277,-53;291,278,-53;290,278,-53;289,278,0;284,278,-64;293,269,-29;291,269,-48;290,261,32;262,257,-84;298,248,-9;281,229,-88;304,260,-116;300,255,-32;307,263,-134;305,262,-36;303,263,-132;301,264,-35;300,263,-120;299,261,-29;282,202,30;261,200,-30;308,177,-15;247,164,-18;308,140,45;224,128,33;302,132,50;220,125,37;327,127,20;228,110,-3
295,273,-46;294,278,-39;294,278,-39;294,278,-39;293,277,-54;291,278,-54;290,278,-54;289,278,0;284,278,-65;293,270,-30;291,269,-49;290,261,30;261,257,-85;298,248,-11;281,229,-88;304,260,-118;300,255,-31;307,263,-136;305,262,-34;303,263,-134;301,264,-34;300,263,-122;299,262,-28;282,202,29;261,200,-29;308,177,-14;247,164,-16;308,140,44;223,128,37;303,132,49;220,125,41;328,127,19;228,110,0
293,274,-53;292,279,-46;292,279,-46;292,279,-46;291,279,-60;290,279,-60;289,279,-60;288,279,-4;283,279,-67;291,270,-36;290,271,-55;289,261,24;260,257,-86;296,248,-29;281,231,-98;301,261,-141;300,256,-51;304,267,-160;304,263,-56;301,268,-156;301,265,-54;298,266,-144;299,263,-48;282,202,26;260,200,-26;308,177,-30;246,164,-30;308,140,42;223,128,30;303,132,49;219,125,35;327,127,17;228,110,-7
291,274,-79;290,279,-72;290,279,-72;290,279,-72;289,279,-84;288,279,-84;287,280,-84;286,279,-26;281,280,-81;289,271,-61;286,271,-77;289,261,5;257,258,-97;299,252,-55;277,232,-122;300,262,-165;299,256,-86;301,267,-186;304,263,-94;297,268,-180;301,265,-90;295,266,-167;298,262,-82;281,202,25;258,200,-25;306,177,-38;245,164,-53;308,140,44;222,128,1;302,132,50;219,125,4;327,127,18;227,109,-43
289,274,-79;288,279,-71;289,279,-71;289,279,-72;287,279,-84;286,279,-84;284,280,-84;285,279,-26;279,280,-79;287,271,-61;284,271,-76;289,261,3;255,258,-97;299,252,-58;274,234,-121;296,263,-165;297,256,-85;296,270,-185;302,263,-93;293,271,-178;300,265,-89;292,269,-167;297,262,-82;281,202,23;257,200,-23;306,177,-32;244,164,-53;308,140,54;222,128,1;302,132,62;219,125,5;326,127,29;227,109,-42
