205,225,-82;206,228,-74;207,227,-74;207,227,-74;204,229,-85;204,229,-85;203,230,-85;205,228,-28;198,231,-77;203,223,-64;201,224,-78;204,213,8;182,217,-80;215,202,-16;192,199,-101;217,215,-92;207,212,-90;216,217,-108;213,216,-99;214,219,-106;209,217,-100;212,218,-95;208,215,-89;199,168,23;183,167,-23;212,143,29;177,136,-22;224,113,88;161,104,22;222,106,93;160,101,24;236,102,62;163,92,-20
205,225,-52;207,228,-45;207,227,-45;207,227,-45;205,229,-56;204,229,-56;203,230,-56;205,228,-5;199,231,-54;204,222,-36;201,224,-50;204,213,25;182,217,-65;214,201,-11;193,199,-75;217,215,-94;208,211,-45;218,217,-110;213,216,-51;215,219,-107;211,217,-52;214,218,-96;209,215,-44;199,168,24;183,167,-24;212,143,37;176,136,-20;225,112,85;161,104,11;222,106,88;160,100,12;236,102,59;163,91,-28
206,225,-54;207,228,-47;207,227,-47;207,227,-47;205,229,-58;205,230,-58;204,230,-58;205,228,-6;199,232,-56;204,222,-38;202,224,-52;203,213,26;182,217,-68;214,200,-9;193,199,-81;220,215,-93;209,211,-57;221,217,-108;214,216,-64;218,219,-106;213,217,-64;217,218,-95;211,216,-56;199,168,24;183,167,-24;212,143,30;176,136,-15;225,112,64;161,104,14;222,106,67;160,100,16;236,102,36;163,90,-25
206,225,-60;207,228,-52;207,228,-52;208,227,-52;206,229,-62;205,230,-62;204,230,-62;205,228,-11;200,232,-58;204,223,-43;202,224,-57;203,212,21;182,217,-69;216,201,-11;195,199,-84;220,216,-92;213,212,-63;220,220,-107;217,216,-72;218,220,-105;215,218,-68;217,219,-94;214,216,-60;199,168,24;183,167,-24;213,143,13;176,136,-12;225,112,40;161,104,16;222,106,41;159,100,18;236,102,10;163,90,-23
207,225,-54;208,227,-46;208,227,-46;208,227,-46;207,228,-58;206,229,-58;205,230,-58;205,228,-6;200,231,-58;205,222,-38;204,224,-53;203,212,24;182,217,-70;216,201,-4;197,199,-102;223,214,-80;213,212,-94;226,217,-94;219,218,-104;225,218,-95;217,220,-102;223,216,-84;215,217,-92;199,168,24;184,167,-24;215,144,-14;177,136,-13;225,112,10;161,104,18;222,107,11;159,100,19;237,102,-21;163,90,-18
208,224,-49;209,227,-42;209,227,-42;209,227,-42;208,228,-54;207,228,-54;206,229,-54;205,228,-2;201,231,-56;206,221,-34;205,222,-49;203,212,29;183,216,-72;212,197,13;201,199,-101;224,209,-50;216,213,-89;227,213,-62;223,218,-99;226,214,-65;219,220,-97;225,213,-54;219,218,-88;200,168,24;184,167,-24;218,145,-26;178,135,-11;225,113,6;161,104,36;222,107,9;159,101,40;237,102,-23;163,90,1
209,224,-39;210,227,-31;209,227,-31;209,227,-31;209,228,-42;208,228,-42;207,229,-42;206,228,7;202,231,-43;207,221,-24;206,222,-39;204,212,36;184,216,-63;212,197,19;203,199,-102;225,208,-42;216,216,-101;228,211,-54;221,222,-112;227,212,-57;218,223,-109;226,212,-46;217,221,-100;202,168,24;186,167,-24;220,147,-31;179,135,-23;226,114,1;161,104,10;223,109,4;159,101,12;237,102,-26;163,90,-25
210,224,-34;210,228,-27;210,228,-27;210,228,-27;209,228,-37;208,229,-37;207,229,-37;207,228,9;202,231,-38;208,222,-19;206,223,-33;206,213,35;187,216,-55;212,197,7;204,201,-72;224,208,-63;215,216,-40;226,211,-76;220,221,-45;225,213,-77;219,223,-45;223,212,-66;217,220,-39;203,168,23;187,167,-22;223,146,-35;179,135,-23;227,115,8;161,104,14;225,110,11;159,101,16;237,103,-20;163,90,-24
211,226,-46;212,229,-36;213,229,-36;213,229,-36;210,230,-39;209,230,-39;208,231,-39;210,229,2;204,232,-47;209,223,-27;207,224,-37;209,213,34;188,217,-60;217,202,-2;203,203,-95;224,209,-76;216,216,-94;225,211,-90;222,220,-104;225,213,-90;221,221,-102;223,212,-79;219,220,-93;205,168,21;187,168,-21;223,146,-28;179,135,-29;229,116,26;161,105,9;226,112,29;160,101,11;238,103,-1;163,91,-32
214,226,-99;216,229,-90;216,229,-90;216,228,-90;213,230,-98;212,230,-98;211,231,-98;214,229,-37;207,232,-78;213,223,-79;210,224,-91;214,213,8;190,219,-80;225,207,54;198,205,-148;234,209,77;211,218,-197;237,212,81;215,222,-213;237,213,73;215,224,-209;235,212,74;213,221,-196;205,169,20;188,169,-20;222,146,14;178,137,-42;230,116,95;161,105,-5;228,112,102;160,101,-4;239,104,70;163,91,-53
218,226,-108;219,229,-101;220,229,-101;220,229,-101;218,230,-111;217,230,-111;216,230,-111;218,229,-57;210,231,-102;217,223,-90;214,224,-103;219,216,-14;192,220,-104;235,212,2;197,205,-173;259,213,-22;210,220,-231;266,214,-30;212,225,-252;268,215,-32;212,226,-248;265,214,-24;211,224,-231;206,170,22;188,171,-22;221,146,60;177,139,-64;231,116,144;161,105,-34;229,111,151;160,102,-34;239,104,118;163,91,-89
221,226,-116;222,229,-110;222,229,-110;222,229,-110;220,229,-119;219,230,-119;218,230,-119;220,229,-67;213,231,-106;220,223,-99;217,224,-110;223,217,-27;194,220,-104;244,214,-27;196,205,-174;269,214,-62;209,219,-240;275,216,-69;213,225,-261;277,217,-80;212,225,-257;274,216,-68;211,223,-240;207,172,22;189,173,-22;221,146,56;177,139,-60;231,116,136;161,106,-32;228,111,141;161,102,-32;240,104,108;163,92,-87
222,225,-102;223,228,-95;223,228,-95;224,229,-95;221,229,-104;220,229,-104;219,229,-104;221,229,-51;214,230,-91;221,223,-84;218,223,-96;223,216,-14;195,220,-97;245,213,-13;197,204,-168;269,215,-47;211,218,-225;277,216,-53;215,224,-245;279,218,-66;216,225,-242;276,217,-54;212,222,-225;207,171,23;189,172,-23;221,144,71;177,139,-70;231,116,160;162,106,-42;228,110,167;161,102,-42;240,104,139;163,93,-95
223,225,-106;223,228,-100;224,228,-100;224,228,-100;222,228,-109;221,228,-109;220,229,-109;221,229,-59;215,230,-103;221,222,-90;219,222,-102;222,217,-23;195,220,-110;244,213,-18;197,204,-176;267,215,-47;213,220,-224;276,216,-53;218,227,-243;278,217,-64;217,229,-239;273,216,-54;214,225,-224;208,171,23;190,172,-23;221,144,64;177,139,-69;231,115,146;162,106,-38;228,109,153;162,102,-37;240,104,128;163,93,-87
223,225,-101;224,228,-90;224,228,-90;224,228,-90;222,228,-102;221,228,-102;220,229,-102;221,229,-41;216,230,-92;221,222,-80;219,222,-96;221,217,-3;195,220,-99;241,211,2;197,202,-154;259,213,-36;213,220,-195;265,211,-43;219,224,-212;264,213,-50;219,229,-209;261,213,-41;215,224,-194;208,172,23;191,172,-23;222,144,52;178,139,-60;231,115,124;163,106,-35;228,109,130;162,103,-34;240,104,104;163,93,-83
223,225,-85;223,228,-76;224,228,-76;224,228,-76;222,228,-87;221,229,-87;220,229,-87;221,229,-30;215,231,-79;221,222,-66;219,223,-81;221,216,4;194,220,-84;237,209,-4;196,200,-146;255,210,-64;212,220,-185;260,210,-75;218,224,-202;261,212,-78;217,227,-199;258,211,-67;214,224,-185;208,172,23;191,172,-23;222,144,47;178,140,-55;231,115,116;163,107,-29;228,109,121;162,104,-28;240,104,96;164,94,-76
222,225,-73;223,228,-66;223,228,-66;223,229,-66;222,229,-77;221,229,-77;220,230,-77;221,229,-23;215,232,-72;221,223,-56;219,223,-70;220,216,10;194,220,-74;236,204,-5;194,198,-125;248,209,-72;210,217,-168;251,210,-84;215,224,-183;251,212,-85;214,227,-181;249,211,-75;212,223,-168;208,172,22;191,172,-22;222,144,46;179,140,-53;231,115,123;164,107,-25;228,109,130;164,104,-24;240,104,106;164,94,-72
222,226,-60;222,229,-53;223,229,-53;223,229,-53;221,229,-64;221,230,-64;220,230,-64;220,230,-13;215,232,-60;220,223,-44;218,224,-58;220,216,20;193,220,-60;229,200,15;192,195,-101;238,207,-39;209,215,-135;242,209,-47;212,222,-146;241,211,-46;212,226,-144;240,211,-41;211,223,-134;208,172,19;191,173,-19;222,144,37;179,140,-49;231,115,106;165,107,-18;228,109,112;165,104,-16;240,104,89;163,94,-58
221,226,-57;222,229,-50;222,229,-50;222,229,-50;221,229,-61;220,230,-61;219,230,-61;219,230,-12;214,232,-61;219,223,-41;217,224,-55;218,216,19;191,220,-59;224,198,14;191,194,-95;232,206,-38;207,215,-124;235,209,-45;210,221,-135;235,212,-46;209,225,-133;234,211,-40;208,222,-123;208,172,18;190,173,-18;221,144,32;179,140,-48;231,115,95;165,107,-18;228,109,100;165,103,-16;240,104,76;163,94,-58
218,226,-66;219,229,-59;219,229,-59;219,229,-59;218,229,-70;217,230,-70;216,230,-70;216,230,-18;211,232,-66;216,223,-50;214,224,-64;215,216,13;189,220,-64;221,197,-12;190,194,-101;226,207,-84;205,215,-135;229,213,-97;209,221,-146;230,215,-96;208,225,-144;228,213,-87;207,222,-134;207,173,17;189,173,-17;220,144,24;179,140,-46;231,114,82;165,107,-16;229,109,86;165,103,-15;240,104,59;163,93,-58
215,226,-75;216,229,-68;216,229,-68;216,229,-68;215,229,-78;214,230,-78;213,230,-78;214,230,-25;208,232,-69;213,223,-58;212,224,-71;214,215,5;187,219,-66;219,197,-21;189,194,-108;222,211,-93;204,215,-144;224,216,-106;208,221,-157;224,218,-104;207,223,-155;222,217,-95;206,221,-144;206,172,16;188,173,-16;219,144,18;178,140,-37;231,114,77;165,107,0;228,109,82;165,103,1;240,104,53;162,93,-42
213,225,-81;214,228,-74;214,228,-74;214,228,-74;213,229,-85;212,230,-85;211,230,-85;212,229,-32;206,232,-80;211,223,-63;210,224,-77;211,215,0;185,219,-71;218,197,-25;189,194,-112;222,214,-97;203,214,-148;224,219,-111;207,219,-161;223,220,-108;206,223,-158;222,219,-99;205,220,-147;204,172,16;186,172,-16;219,144,22;178,140,-32;231,114,83;165,106,15;228,109,93;165,102,18;240,104,60;162,93,-25
210,225,-80;212,228,-74;212,228,-74;212,228,-74;210,229,-84;209,230,-84;208,230,-84;210,229,-31;204,232,-79;209,223,-63;207,224,-77;208,214,0;183,218,-73;217,198,-24;189,194,-119;222,216,-96;202,214,-152;223,220,-109;206,220,-165;223,222,-107;204,223,-162;221,220,-97;204,220,-151;203,171,17;185,171,-17;218,144,23;177,138,-27;231,114,90;165,106,21;228,109,96;165,101,24;240,104,67;163,93,-18
209,225,-76;210,228,-70;210,228,-70;210,228,-70;209,229,-81;208,230,-81;207,230,-81;207,229,-30;202,233,-78;207,223,-60;206,224,-75;207,214,2;182,218,-72;216,198,-18;187,194,-113;222,215,-90;201,212,-141;222,219,-102;205,217,-152;221,221,-100;204,220,-149;220,220,-91;203,218,-139;202,171,16;185,170,-16;217,144,23;176,137,-20;230,114,90;165,105,28;228,109,96;165,101,32;240,104,67;163,93,-9
207,225,-78;208,228,-71;208,228,-71;208,228,-71;207,229,-82;206,230,-82;205,231,-82;205,229,-30;200,233,-79;205,223,-61;203,224,-76;205,214,2;180,218,-75;216,199,-18;186,194,-115;221,215,-89;200,211,-145;222,219,-102;204,216,-157;221,221,-100;204,219,-154;220,220,-91;202,217,-144;201,171,16;184,170,-16;216,144,25;176,137,-12;230,114,91;165,105,41;227,109,97;165,101,44;240,104,67;163,93,3
205,225,-78;207,228,-71;207,228,-71;207,228,-71;205,229,-82;204,230,-82;203,231,-82;204,230,-28;199,233,-76;204,223,-61;202,224,-76;204,214,3;179,218,-71;214,199,-14;185,194,-115;220,215,-87;198,209,-151;221,218,-100;201,213,-164;220,220,-100;201,216,-160;219,219,-90;200,215,-150;200,171,16;184,170,-16;215,144,13;176,137,-10;229,115,74;164,105,47;226,109,79;165,101,51;240,104,46;163,93,9
204,226,-68;206,229,-61;206,228,-61;206,228,-61;204,230,-71;203,230,-71;202,231,-71;203,230,-20;198,233,-67;203,223,-51;201,225,-65;203,215,10;178,218,-64;214,199,-12;184,194,-106;220,215,-84;197,208,-140;221,219,-96;200,212,-152;220,220,-95;200,215,-150;219,219,-86;199,214,-139;200,171,16;183,170,-16;215,145,5;175,137,-8;228,115,55;165,106,46;225,109,59;164,102,50;239,104,25;163,94,9
204,226,-69;205,229,-61;205,229,-61;205,229,-61;203,230,-72;202,231,-72;201,231,-72;202,230,-19;197,233,-66;202,223,-52;200,225,-66;202,215,12;178,218,-64;213,199,-6;184,194,-108;221,215,-76;197,209,-142;223,219,-89;200,214,-154;222,220,-88;200,216,-152;221,219,-79;199,215,-141;200,170,16;184,169,-16;215,145,3;175,137,-6;226,115,56;165,106,50;223,109,60;164,102,54;239,104,26;163,94,13
203,227,-68;204,230,-60;204,230,-60;204,230,-60;202,231,-70;201,232,-70;200,233,-70;202,230,-16;196,234,-60;201,224,-50;199,226,-63;202,215,13;177,218,-56;213,200,-7;184,195,-101;221,215,-81;197,210,-139;223,218,-94;200,214,-152;222,220,-94;200,217,-149;221,219,-84;199,215,-138;200,171,15;184,170,-15;215,145,-27;175,137,-6;225,115,15;164,107,50;221,109,18;164,102,54;237,104,-19;163,94,12
203,228,-69;204,231,-62;204,230,-62;204,230,-62;202,232,-71;201,232,-71;200,233,-71;202,231,-17;196,234,-61;201,225,-52;199,227,-65;203,216,13;178,218,-59;214,200,-11;184,195,-105;221,216,-89;197,210,-141;224,219,-103;200,214,-154;223,221,-103;200,217,-152;221,220,-92;199,215,-141;201,171,15;184,170,-15;215,145,-11;175,137,-5;225,115,38;164,107,53;221,109,41;164,102,57;237,104,5;163,94,14
