278,269,-6;278,273,-17;278,274,-17;279,274,-17;278,273,-3;278,274,-3;278,274,-3;283,275,-41;282,274,20;281,267,-11;281,267,6;292,262,-64;302,262,64;278,236,-82;306,229,106;268,259,-51;294,216,109;266,263,-59;292,214,116;270,265,-55;291,215,102;271,264,-48;291,216,104;295,198,-44;308,199,44;276,156,-51;311,159,91;275,108,-52;320,121,126;281,99,-52;323,110,129;255,97,-67;306,115,124
278,269,-6;277,273,-17;278,273,-17;278,274,-17;277,273,-3;277,273,-3;277,273,-3;283,275,-44;282,274,21;281,267,-12;281,266,6;292,261,-70;302,262,66;278,236,-74;297,229,108;268,259,-12;287,233,116;267,262,-15;285,235,124;270,264,-12;284,237,117;271,263,-8;284,237,113;295,198,-43;308,198,43;276,155,-46;311,158,64;275,108,-36;320,118,82;281,99,-35;323,110,84;257,97,-45;306,114,76
277,268,-10;277,272,-21;278,273,-21;278,273,-21;277,272,-5;277,272,-5;277,272,-5;283,275,-45;282,273,21;281,266,-16;281,266,3;293,261,-71;302,261,71;278,235,-72;294,229,116;269,258,-13;285,235,123;267,262,-16;284,237,130;270,264,-14;283,240,123;271,262,-9;283,239,120;295,197,-44;307,197,45;276,155,-49;311,157,62;275,108,-40;320,117,82;281,99,-39;323,109,83;258,97,-52;306,112,73
277,268,-7;277,272,-18;278,272,-18;278,272,-18;277,271,-2;277,271,-2;277,271,-2;283,274,-44;282,273,25;281,266,-14;281,265,6;293,260,-70;302,260,74;279,235,-72;294,229,120;269,257,-17;286,231,129;268,261,-21;285,232,136;270,263,-18;284,235,129;272,262,-13;284,234,126;295,197,-45;307,197,45;275,155,-49;311,156,55;275,108,-35;320,116,66;281,99,-34;323,109,67;258,97,-43;308,111,57
277,267,-11;277,271,-21;278,271,-21;278,272,-21;277,270,-5;277,270,-5;277,270,-5;283,273,-45;281,272,25;281,265,-17;281,264,3;294,259,-71;302,260,73;279,234,-73;294,227,118;269,257,-25;287,224,123;268,261,-31;286,223,131;271,263,-28;285,226,121;272,261,-22;285,227,119;295,196,-46;307,196,46;273,155,-51;311,155,60;275,108,-37;320,115,74;281,99,-36;323,108,75;258,96,-46;308,111,66
277,265,-18;277,269,-27;278,269,-27;278,270,-28;277,269,-13;277,269,-13;277,269,-13;283,271,-45;281,270,20;281,263,-21;281,263,-3;294,257,-70;301,258,72;279,233,-94;297,221,111;269,256,-80;291,203,104;267,260,-91;289,198,111;271,262,-85;288,197,99;272,260,-77;289,201,100;295,193,-46;307,193,46;271,154,-49;311,152,66;275,108,-31;321,114,86;281,99,-29;323,105,88;258,96,-38;309,110,80
277,263,-21;277,267,-31;278,267,-31;278,268,-31;277,267,-16;277,267,-16;277,267,-16;283,270,-49;281,268,16;281,261,-25;281,260,-6;295,255,-72;300,255,71;280,231,-91;296,220,112;269,254,-60;289,210,108;267,258,-69;288,207,114;270,260,-66;287,208,103;271,259,-58;287,210,103;296,190,-46;307,191,46;269,154,-46;311,151,64;273,107,-23;321,113,86;279,98,-20;323,103,87;257,96,-31;310,109,76
277,262,-20;277,266,-30;278,266,-30;278,267,-30;277,265,-16;277,266,-16;277,266,-16;283,268,-50;281,267,15;281,260,-25;281,259,-6;295,254,-73;300,254,70;280,229,-88;290,223,112;269,253,-47;283,225,109;266,257,-54;282,227,116;269,259,-52;281,230,106;271,258,-45;281,229,105;296,189,-46;306,190,46;269,152,-44;311,150,58;270,106,-22;321,112,76;275,97,-20;324,103,77;253,95,-31;311,109,66
277,260,-21;277,265,-31;278,265,-31;278,266,-31;277,264,-16;277,264,-16;277,264,-16;283,267,-51;281,266,13;281,258,-26;281,258,-7;295,253,-75;299,253,67;281,228,-93;290,223,109;268,252,-60;282,223,105;266,255,-68;280,224,111;269,258,-66;279,227,102;270,257,-57;279,227,101;296,188,-46;306,189,46;269,150,-44;311,149,60;266,105,-24;321,112,89;270,97,-22;325,103,91;248,93,-35;312,108,79
276,259,-19;276,263,-29;277,264,-29;277,264,-29;276,263,-15;276,263,-15;276,263,-15;283,266,-52;281,265,14;280,257,-25;280,257,-5;295,252,-76;297,251,65;281,227,-86;285,224,105;268,250,-32;277,237,105;266,254,-37;275,243,109;269,257,-35;273,249,102;270,256,-29;274,248,101;295,187,-45;304,188,46;269,149,-42;311,149,62;262,104,-25;322,111,86;266,96,-23;325,102,88;246,93,-36;312,108,79
276,259,-18;276,263,-27;276,263,-27;277,264,-27;275,263,-12;276,263,-12;276,263,-12;282,265,-49;280,264,17;279,257,-23;279,256,-4;294,252,-74;296,250,66;281,226,-88;287,224,106;268,249,-50;279,237,106;266,252,-58;277,237,111;268,255,-55;276,242,105;270,254,-47;276,246,103;294,187,-44;303,188,44;269,149,-41;311,149,58;260,104,-24;322,111,75;265,95,-23;325,103,76;244,93,-37;313,107,66
274,259,-14;274,263,-23;275,263,-23;275,263,-23;274,262,-9;274,263,-9;274,263,-9;280,265,-44;279,264,19;277,257,-19;277,256,-1;291,251,-73;296,251,65;278,227,-97;291,218,91;266,249,-77;286,208,74;264,253,-88;285,205,77;267,255,-83;283,207,67;268,254,-75;283,209,69;293,187,-44;303,188,44;268,149,-42;311,149,59;260,103,-29;322,111,79;265,94,-28;326,103,81;243,91,-45;314,107,71
273,259,-12;273,263,-22;273,263,-22;273,264,-22;272,263,-8;272,263,-8;273,263,-8;277,265,-40;275,263,21;275,257,-17;275,257,0;286,250,-64;293,250,72;272,227,-87;288,220,117;263,250,-67;275,233,126;262,254,-82;273,237,133;265,256,-73;271,239,126;266,255,-64;275,244,123;292,188,-43;303,188,43;268,148,-42;312,149,54;261,102,-30;323,111,69;265,93,-30;327,102,69;244,91,-45;315,107,60
269,259,10;270,263,0;270,264,0;271,264,0;269,263,11;269,263,11;269,264,11;274,265,-25;274,264,28;272,257,3;271,257,19;280,250,-54;294,249,69;265,233,-92;291,221,116;255,250,-91;278,212,149;254,254,-101;276,210,161;256,256,-95;274,211,152;257,255,-88;275,212,146;287,187,-38;302,188,38;267,147,-30;313,148,49;261,101,-24;323,110,53;265,93,-23;326,102,53;245,91,-35;316,107,46
267,260,54;267,263,39;268,264,39;268,264,39;268,263,50;268,264,50;268,264,50;270,265,-4;272,264,43;269,257,41;269,257,54;274,250,-37;295,250,62;254,243,-33;295,221,115;242,258,25;279,211,164;238,262,25;277,209,176;241,264,25;275,209,169;243,263,27;276,210,162;284,187,-31;302,188,31;266,147,-29;312,148,42;261,102,-25;323,111,38;265,93,-24;326,102,38;245,92,-36;315,107,32
263,258,82;263,262,68;263,262,67;263,263,67;264,262,78;264,263,79;265,263,78;265,263,18;269,263,67;265,256,67;266,256,81;267,250,-19;296,249,76;245,251,-17;297,222,141;226,257,53;279,212,211;218,259,54;278,209,225;221,260,56;276,209,220;224,260,56;277,210,211;281,187,-30;300,188,29;264,148,-29;312,149,45;260,102,-25;322,111,48;264,94,-23;326,102,49;243,93,-30;315,108,43
260,258,76;259,262,60;259,262,60;259,262,60;260,262,71;261,262,71;261,263,71;261,263,10;265,263,60;261,255,59;262,255,74;263,250,-30;295,248,70;235,255,-35;298,227,118;215,257,-27;283,209,163;210,255,-33;280,204,175;209,255,-25;278,203,168;223,253,-24;279,205,162;280,188,-31;299,189,31;262,148,-24;311,150,49;260,102,-17;322,112,54;263,95,-15;325,104,58;242,95,-27;315,109,45
257,258,73;257,262,57;256,262,57;256,263,57;258,262,68;258,263,68;259,263,68;258,263,7;262,263,56;258,256,57;260,256,71;260,250,-32;292,249,67;231,255,-44;297,229,121;207,257,13;282,212,184;198,256,11;279,208,199;200,256,16;277,208,194;205,255,16;278,209,184;278,188,-28;298,191,28;261,148,-22;310,152,53;259,102,-15;321,113,70;263,95,-13;324,106,73;242,95,-21;314,111,66
254,258,69;253,262,54;253,262,54;253,262,54;254,262,66;255,262,66;256,263,66;256,263,6;259,263,60;256,256,53;257,256,69;260,251,-34;291,250,73;228,256,-54;296,228,141;196,259,-1;280,216,220;189,260,-4;277,212,238;189,261,2;273,212,232;192,259,2;275,214,220;277,190,-29;297,193,29;260,148,-17;310,153,57;259,102,-3;321,113,77;263,95,0;323,106,80;242,95,-5;312,111,73
253,258,75;252,262,61;252,262,61;252,262,61;253,262,73;254,262,73;255,263,73;255,263,12;258,263,67;255,256,60;256,256,76;260,252,-29;289,251,78;229,257,-46;295,230,144;196,259,15;279,217,218;189,261,13;275,214,235;189,262,20;272,213,229;193,260,19;273,214,217;276,192,-28;296,194,28;260,149,-20;309,154,43;258,103,-7;320,114,45;263,96,-4;323,106,46;241,95,-8;311,112,38
252,258,75;251,262,61;251,262,61;251,262,61;252,262,73;253,262,73;254,263,73;255,263,12;257,264,69;254,256,59;255,256,76;260,253,-30;288,251,83;229,258,-47;294,231,154;200,260,15;277,221,232;190,260,14;273,219,249;191,262,19;270,219,243;193,260,19;271,220,231;276,192,-30;295,195,30;259,149,-22;308,155,47;258,104,-10;320,114,55;263,96,-9;323,107,56;240,95,-16;310,112,49
252,258,63;251,262,49;251,262,49;251,262,49;252,262,62;252,262,62;253,263,62;255,263,5;257,264,63;254,256,49;255,256,65;261,254,-34;288,252,79;229,257,-66;295,230,150;201,259,-30;283,219,202;192,260,-35;281,216,215;191,262,-27;277,216,209;194,260,-26;278,217,201;276,193,-31;294,195,30;259,150,-24;308,156,49;258,105,-13;320,115,56;263,97,-11;322,107,57;240,96,-18;310,111,52
252,258,62;252,262,47;252,262,47;252,263,47;252,262,59;253,262,59;253,263,59;256,263,5;258,264,59;254,256,48;255,256,64;262,255,-38;288,253,74;231,256,-84;295,230,132;201,259,-65;286,218,186;193,259,-72;283,214,199;192,260,-63;280,215,192;195,259,-61;281,216,184;276,193,-31;294,196,31;259,151,-18;308,156,53;258,106,-4;319,115,66;262,98,-2;322,108,68;240,98,-10;311,112,59
253,259,58;253,262,44;253,263,44;253,263,44;254,262,57;254,263,57;255,263,57;257,264,1;259,264,55;256,257,45;256,257,61;262,255,-39;288,253,66;233,255,-75;296,230,122;206,259,-38;287,218,181;198,258,-45;284,215,195;198,259,-42;281,215,188;202,258,-35;282,216,180;276,193,-31;294,196,31;259,151,-19;308,156,54;258,107,-9;319,116,66;262,98,-6;322,108,68;241,99,-14;311,112,60
254,259,72;254,263,57;254,263,57;254,263,57;255,263,68;255,263,68;256,263,68;258,264,6;260,265,57;257,257,56;257,257,71;262,255,-32;289,253,67;235,249,-36;296,230,119;217,256,23;288,215,170;211,257,23;286,212,182;212,258,27;284,212,177;216,257,27;284,213,169;276,193,-31;294,195,31;259,151,-20;308,156,53;258,107,-14;319,117,61;262,99,-11;322,109,63;241,99,-17;311,113,57
256,260,66;256,263,51;256,263,51;255,264,51;257,264,63;258,264,63;258,264,62;258,265,4;262,266,52;258,258,51;259,258,66;263,255,-33;291,254,60;240,243,-39;298,229,87;227,256,10;296,204,103;225,257,8;297,198,110;228,259,12;294,199,104;229,258,13;294,201,101;276,193,-32;295,195,32;259,151,-20;308,156,59;258,107,-11;319,117,72;262,99,-8;322,109,73;241,99,-13;311,113,69
260,261,62;259,265,45;259,265,45;258,265,45;260,265,56;261,265,56;261,266,56;260,266,-5;265,267,45;262,259,47;263,260,61;263,255,-42;293,254,57;249,239,-45;301,228,79;235,254,0;301,200,87;232,257,-1;301,193,93;234,260,3;298,195,87;235,258,4;298,196,85;276,193,-34;295,195,34;259,152,-30;307,156,63;257,107,-16;319,117,78;261,99,-14;322,109,79;241,99,-23;311,113,74
264,262,49;263,266,32;262,266,32;262,266,32;263,266,42;264,266,42;264,266,42;264,266,-14;266,267,32;265,260,35;266,260,49;267,255,-46;293,254,45;254,235,-57;300,228,73;242,254,-35;297,205,87;240,257,-41;296,200,94;244,260,-35;293,201,87;245,258,-32;293,202,85;276,193,-32;295,194,32;259,152,-16;307,156,67;258,107,-1;319,117,86;262,99,1;322,109,88;241,99,-1;312,113,85
267,263,49;265,266,33;265,266,33;265,266,33;266,266,45;267,267,45;267,267,45;266,267,-15;269,267,38;268,261,35;269,261,50;270,255,-48;294,254,48;263,230,-55;289,230,104;253,251,-15;273,240,150;253,254,-14;270,245,162;255,256,-12;269,247,159;256,255,-12;270,245,150;277,192,-33;296,193,33;259,153,-19;307,156,54;258,107,-11;319,117,49;262,99,-10;322,109,49;241,99,-8;311,113,45
269,263,39;268,267,23;267,267,23;267,267,23;269,267,36;269,267,36;270,267,36;269,267,-22;272,267,32;270,261,26;271,261,42;272,253,-55;295,254,55;269,226,-65;290,229,103;258,246,-28;271,239,141;257,249,-30;268,243,151;259,251,-26;268,245,148;260,250,-24;269,243,140;280,191,-35;297,191,35;260,153,-20;307,156,64;258,107,-10;319,117,81;262,99,-9;322,109,83;241,100,-11;311,113,81
