266,244,4;265,248,-7;265,248,-7;265,248,-7;266,248,7;266,248,7;267,249,7;270,250,-37;272,251,25;269,242,-4;269,243,14;276,236,-68;290,238,67;260,215,-56;283,209,103;251,238,19;272,205,103;249,244,16;270,203,108;253,244,17;269,206,99;255,242,22;270,206,99;287,181,-41;299,182,41;255,151,-23;302,151,74;253,107,3;322,117,102;257,99,6;326,111,105;233,103,5;311,113,103
266,244,7;266,247,-4;266,248,-4;266,248,-4;266,248,9;267,248,9;267,248,9;271,250,-37;272,251,24;269,242,-1;269,242,16;277,236,-67;291,238,68;260,215,-58;281,218,120;252,237,12;263,233,145;249,243,9;260,238,154;253,244,10;261,239,149;255,242,15;263,237,144;285,180,-43;298,181,43;254,151,-18;302,150,74;254,107,17;322,117,103;257,99,21;326,111,106;233,104,23;311,113,106
268,244,18;267,247,4;267,248,4;267,248,4;267,248,18;268,248,18;268,248,18;271,249,-33;273,250,26;270,242,7;270,242,24;277,235,-65;293,238,68;260,215,-58;281,218,124;252,237,10;264,229,154;250,243,8;260,239,163;254,244,9;261,239,158;255,242,13;263,238,152;284,179,-43;298,180,43;253,151,-11;302,149,74;254,108,30;322,117,102;257,100,36;326,111,106;233,104,40;311,114,106
268,243,23;267,247,9;267,247,9;267,248,9;268,247,22;268,248,22;269,248,22;271,249,-31;273,250,27;270,241,12;271,241,28;277,234,-64;293,237,68;260,214,-56;281,217,124;253,236,12;265,229,153;251,242,9;262,238,161;255,243,10;262,238,156;256,241,15;263,237,152;283,177,-43;297,177,43;250,152,-2;302,148,78;253,109,50;322,117,112;257,102,57;326,111,116;233,104,64;311,114,117
268,243,35;267,246,20;267,247,20;267,247,20;268,247,33;268,247,33;269,248,33;270,248,-21;273,250,33;270,241,22;270,241,38;276,234,-57;293,237,72;258,214,-48;281,219,137;252,235,22;265,230,180;251,241,21;262,237,190;255,242,20;262,238,186;256,240,24;263,236,179;280,177,-43;296,176,43;247,153,-1;302,148,75;251,110,51;322,117,104;255,103,58;326,110,108;231,105,68;311,114,112
266,243,72;266,247,57;265,247,57;265,247,57;266,247,69;267,248,69;268,248,69;269,248,10;273,250,62;267,241,58;269,241,72;273,234,-34;294,236,91;253,214,-28;284,215,151;247,235,38;266,215,194;246,241,36;263,217,204;249,242,38;263,218,200;250,240,41;263,217,193;277,176,-43;294,176,43;244,153,0;302,148,80;245,110,50;322,117,111;249,103,57;325,110,115;224,106,68;311,114,119
265,244,49;265,247,34;265,247,34;265,248,34;266,248,47;266,248,47;267,248,47;268,248,-9;272,250,46;266,242,36;268,242,51;272,234,-48;294,236,84;252,215,-37;285,214,137;246,236,32;266,215,180;244,241,31;263,217,191;248,242,34;263,218,186;248,240,37;264,217,179;277,177,-42;293,176,42;244,154,-1;302,147,79;244,110,47;322,117,112;248,103,54;326,110,117;224,106,62;311,115,120
265,245,93;264,248,80;264,248,80;264,249,80;265,248,90;266,249,90;267,249,90;267,249,33;271,250,79;265,243,78;267,243,92;269,234,-11;294,236,100;247,220,12;286,213,160;240,237,100;270,206,212;237,241,103;269,203,222;241,242,102;269,207,220;242,240,103;270,207,212;275,177,-40;292,177,40;242,153,-21;301,148,81;237,110,-1;322,117,108;242,103,2;326,110,112;217,106,6;310,116,117
263,246,115;262,249,101;261,249,101;261,249,101;264,249,110;265,250,110;266,250,110;263,249,50;270,250,88;263,243,99;265,244,109;263,236,3;293,236,100;239,225,28;286,213,155;229,239,115;270,205,211;225,243,117;268,202,221;228,243,118;266,204,219;230,241,117;267,205,211;271,177,-35;289,177,35;241,153,-18;301,148,85;232,110,-1;321,117,115;236,103,2;325,111,119;212,104,3;310,116,124
259,246,95;258,249,82;258,249,82;257,249,82;260,249,91;262,249,91;263,250,91;259,249,37;267,250,76;259,243,81;262,244,92;258,235,-4;291,234,93;232,230,20;286,213,158;216,241,110;270,207,227;210,244,113;267,206,240;211,245,114;265,207,238;213,243,113;266,208,229;268,175,-33;287,175,33;238,150,-18;301,146,84;231,108,-9;321,116,107;235,100,-6;324,110,111;212,103,-2;311,116,121
254,242,74;253,244,61;252,245,61;251,245,61;255,245,74;257,245,74;258,246,74;253,245,27;261,247,62;254,240,62;256,240,78;253,235,-22;288,231,72;227,237,-61;286,212,148;200,244,-27;270,208,225;193,244,-33;265,206,239;193,246,-28;263,207,236;195,245,-24;265,208,225;265,173,-34;284,173,34;235,149,-15;299,146,96;230,107,1;320,116,129;235,99,5;323,110,134;211,102,4;311,116,139
254,241,94;253,244,80;252,244,80;251,244,80;255,245,88;256,245,88;257,245,88;253,245,31;261,247,66;254,240,79;256,240,89;252,233,-12;287,231,73;226,237,-21;286,215,148;199,245,26;267,211,232;192,244,27;262,209,247;192,246,35;259,209,246;194,246,30;261,210,234;265,173,-26;284,173,26;234,149,8;298,146,90;231,107,10;320,116,103;235,99,12;323,110,107;211,102,12;312,116,112
251,241,121;249,244,108;249,244,107;248,244,107;253,244,116;254,244,116;255,245,116;249,244,56;258,245,92;251,239,105;254,239,115;247,232,6;284,230,96;218,239,2;287,213,167;188,247,70;269,212,256;181,246,72;265,213,271;181,248,76;261,213,272;183,247,74;262,213,258;263,172,-26;282,173,26;232,149,12;297,145,90;231,106,10;319,115,77;235,99,13;323,109,78;211,101,15;313,115,85
248,239,106;247,241,92;246,241,92;245,241,92;250,242,100;251,243,100;252,243,100;246,242,40;255,244,77;248,237,90;251,238,100;243,230,-7;280,230,82;215,237,-29;293,217,148;187,247,0;292,216,225;179,246,-5;292,216,237;179,247,-1;290,217,238;181,247,1;289,217,227;261,170,-29;281,172,28;230,148,15;295,145,82;230,106,38;319,115,84;234,99,43;322,109,86;211,101,41;312,114,85
246,237,125;245,240,112;244,239,112;243,239,112;248,241,120;249,241,120;250,241,120;244,240,58;252,242,93;247,235,108;250,236,118;242,229,4;279,229,98;214,235,-1;285,216,172;186,246,64;271,215,262;179,244,64;268,216,277;179,246,67;264,217,277;182,246,67;264,217,264;260,169,-29;280,171,29;229,147,14;294,145,88;230,106,28;318,116,90;235,99,33;322,111,92;210,100,34;312,114,95
245,236,119;244,238,106;243,238,106;243,238,106;246,240,115;247,240,115;248,241,115;244,239,55;251,241,92;246,234,103;248,235,113;242,229,3;277,229,100;215,234,0;280,213,176;189,241,70;263,214,267;182,242,70;259,214,282;182,243,74;256,215,281;186,242,74;256,214,268;260,169,-29;279,171,29;229,146,18;293,145,88;230,106,32;318,117,89;235,98,36;322,112,91;210,100,40;312,114,94
245,236,131;244,239,119;243,238,118;242,238,118;246,240,127;247,240,127;248,241,127;243,239,67;250,241,102;245,234,114;248,235,125;242,229,14;277,228,108;215,234,15;279,211,181;189,239,91;262,212,273;181,241,93;258,213,288;182,243,96;255,213,287;185,241,95;256,213,274;260,169,-28;279,171,28;229,146,25;293,145,82;230,106,38;318,117,70;235,98,42;322,112,71;210,100,48;312,114,72
245,237,122;243,239,109;243,239,109;242,239,109;246,240,117;247,241,117;248,241,117;242,239,58;250,242,94;245,235,105;248,236,116;242,229,8;277,228,102;217,230,16;277,210,172;195,237,95;259,210,258;188,239,97;256,211,273;189,241,100;253,211,272;192,240,99;254,211,260;260,169,-28;279,171,28;229,146,21;293,145,80;230,106,34;318,117,69;235,98,38;322,112,69;210,100,45;312,114,72
245,237,95;244,240,82;243,239,82;242,239,82;246,240,91;247,241,91;248,241,91;243,240,33;251,242,72;245,235,79;248,236,90;244,229,-10;277,229,87;219,225,6;273,210,163;202,234,92;254,210,248;195,238,95;251,212,263;197,240,98;248,212,261;201,238,95;249,212,249;261,169,-29;279,171,28;229,146,17;293,145,80;230,106,40;318,118,78;235,98,46;322,112,80;210,100,58;312,114,78
246,239,89;245,241,77;244,241,77;244,240,76;247,242,87;248,243,87;249,243,87;244,240,28;252,244,73;246,236,74;249,238,86;245,229,-14;278,230,88;220,221,5;273,210,159;212,234,98;256,210,229;208,237,102;253,212,243;211,239,104;250,213,241;213,237,101;251,212,229;261,170,-31;280,172,31;230,146,4;294,145,77;230,106,18;318,118,71;235,98,23;322,112,72;210,100,34;312,114,78
246,239,85;245,241,73;245,241,73;244,241,73;248,242,84;249,243,84;250,244,84;245,241,26;252,245,73;247,237,70;249,238,84;249,229,-17;278,232,91;228,219,4;271,210,158;221,234,98;253,208,221;218,238,102;250,209,236;221,239,104;248,210,233;222,237,102;249,210,221;264,171,-33;282,172,33;233,146,-6;294,145,69;230,106,8;318,117,66;235,98,12;322,112,68;210,100,21;312,114,73
247,240,78;246,242,65;245,242,65;244,241,65;248,243,76;249,243,76;250,244,76;245,241,19;253,246,68;247,238,63;249,239,77;250,229,-22;278,233,89;230,218,-4;270,210,155;222,234,89;252,208,217;219,238,91;249,208,232;221,239,94;247,210,228;223,237,93;248,210,217;266,172,-34;283,173,33;234,146,-12;294,146,68;230,106,4;318,118,72;235,98,8;322,112,74;210,100,15;311,114,79
249,240,44;248,242,30;248,242,30;248,242,30;249,243,42;250,244,42;251,244,42;251,243,-12;255,246,43;251,238,31;252,239,47;256,231,-46;278,235,76;236,216,-38;267,214,142;230,234,35;249,222,195;228,239,35;246,225,209;232,240,37;245,226,206;234,238,38;246,225,195;269,173,-36;285,174,36;238,146,-7;297,146,70;230,106,15;319,117,87;235,98,21;323,112,90;210,100,21;311,114,92
252,241,17;252,244,4;252,244,4;252,244,4;252,244,18;253,245,18;253,246,18;256,245,-33;258,247,27;254,239,6;255,240,23;264,233,-65;280,235,65;246,214,-63;269,214,127;239,235,1;252,223,171;237,239,0;249,226,184;240,240,1;247,233,180;242,238,4;248,232,170;274,175,-38;289,176,38;244,146,-7;299,146,70;231,106,20;319,117,101;235,98,25;323,112,105;210,100,23;311,114,104
255,242,1;255,246,-10;255,246,-10;256,246,-10;255,246,3;256,246,3;256,247,3;261,248,-43;262,249,19;258,240,-8;258,240,9;269,234,-72;283,236,62;253,213,-67;269,215,114;244,235,0;253,228,138;243,240,-1;250,235,147;246,240,0;250,236,142;248,238,3;250,235,136;278,177,-41;292,177,41;248,147,-6;302,146,83;234,106,25;320,116,126;237,98,29;324,111,131;212,101,24;309,114,131
258,243,1;258,247,-9;258,247,-9;258,248,-10;258,247,4;259,247,4;259,248,4;263,249,-42;265,250,20;261,241,-7;262,241,10;271,235,-73;286,237,65;255,213,-67;272,215,116;248,235,6;255,228,142;247,240,5;253,235,152;250,240,6;255,237,149;252,239,9;256,235,141;280,177,-43;295,177,43;249,147,-5;303,146,88;240,106,35;321,116,131;244,98,40;325,109,136;218,101,37;309,113,138
259,244,6;259,248,-5;259,248,-5;259,248,-5;259,248,8;260,248,8;260,249,8;263,250,-41;265,251,21;262,242,-3;262,242,14;271,235,-74;287,237,64;254,213,-72;274,215,115;247,236,-4;257,227,143;247,241,-7;255,236,152;251,241,-5;257,237,149;252,240,-1;257,236,142;280,177,-43;295,177,43;250,147,-4;303,146,88;242,106,40;321,115,131;246,98,46;325,108,136;220,101,44;309,113,137
261,244,10;260,248,-2;260,249,-2;260,249,-2;261,248,11;261,249,11;262,249,11;264,250,-41;267,251,22;263,242,0;264,243,17;273,236,-74;288,238,66;255,214,-73;276,215,119;249,237,-4;259,228,150;248,242,-6;257,237,160;252,242,-4;258,238,157;253,241,-1;259,236,149;281,177,-45;297,177,45;250,148,2;303,146,92;250,106,45;321,115,122;254,99,50;326,108,125;229,101,51;309,113,127
261,245,7;260,249,-4;260,249,-5;261,250,-5;261,249,9;261,250,9;262,250,9;265,251,-41;267,252,22;263,243,-3;264,243,15;273,236,-74;288,239,67;256,214,-72;276,216,120;250,237,-2;260,229,149;250,242,-4;258,238,159;253,243,-3;259,239,155;254,241,0;260,237,148;283,178,-45;297,179,45;252,149,-5;303,147,91;256,106,38;322,115,119;260,99,43;326,108,121;233,101,42;309,113,121
262,245,4;261,250,-8;261,250,-8;262,250,-8;262,250,5;262,250,5;263,251,5;266,252,-43;268,252,19;264,243,-6;265,243,12;274,237,-75;289,239,65;257,214,-68;276,216,114;249,237,3;260,232,138;249,242,2;257,238,145;253,243,2;259,239,142;254,241,6;260,238,136;284,179,-45;298,180,45;254,149,-7;303,149,92;256,106,32;322,115,130;260,99,36;326,108,135;234,101,32;309,113,137
