289,274,-6;289,279,-19;290,279,-19;290,280,-19;289,278,0;289,278,0;290,278,0;297,282,-54;295,279,32;293,272,-16;293,271,8;316,265,-90;318,261,86;293,231,-103;296,228,130;278,265,-33;286,251,139;276,270,-38;286,260,148;280,272,-31;284,264,143;282,271,-28;285,261,137;310,179,-53;320,178,53;273,128,-43;330,123,64;270,67,-15;339,70,85;273,57,-12;343,61,87;246,63,-25;330,60,75
287,277,-24;287,281,-36;288,282,-36;288,283,-37;287,281,-18;287,281,-18;288,281,-18;295,285,-66;293,283,14;292,274,-32;291,274,-8;310,266,-93;316,264,74;289,232,-100;296,232,119;278,267,-21;286,253,128;276,274,-25;285,262,137;280,276,-20;284,271,131;282,274,-17;285,267,125;308,184,-49;321,184,49;273,135,-26;330,131,57;268,79,20;339,80,67;271,69,25;347,68,67;246,73,17;333,69,53
286,281,-19;286,286,-31;286,286,-31;287,287,-31;286,285,-13;286,286,-13;286,286,-13;293,289,-63;292,288,19;290,279,-27;290,278,-3;306,270,-93;316,270,75;285,244,-125;302,232,120;275,276,-89;289,237,126;272,281,-100;288,240,135;278,283,-90;286,243,126;279,281,-84;287,242,122;307,191,-49;322,191,49;274,142,-28;330,140,69;268,86,9;339,94,99;270,77,12;351,85,102;244,82,0;335,85,91
286,282,-15;285,287,-29;286,287,-29;286,288,-29;285,287,-12;286,288,-12;286,288,-12;292,290,-62;292,289,20;290,280,-23;290,279,-3;301,271,-92;321,270,70;281,255,-161;313,235,135;270,280,-179;296,226,181;267,284,-196;294,224,195;274,285,-186;292,226,182;275,284,-175;292,226,176;305,191,-50;323,191,50;274,143,-15;331,142,91;268,88,19;339,100,121;271,80,22;351,91,124;249,79,7;335,90,114
283,282,31;283,287,15;284,288,15;284,288,15;284,288,31;285,288,31;285,288,31;289,290,-31;291,290,41;286,280,17;287,279,38;297,273,-72;322,270,73;277,261,-149;321,234,127;261,279,-172;309,218,162;257,282,-187;308,214,176;260,285,-173;306,215,165;261,283,-167;305,216,159;303,194,-48;324,194,48;275,145,-19;331,143,81;269,89,9;342,97,110;273,81,13;351,89,112;253,80,0;337,91,98
279,282,46;279,287,27;279,288,27;280,288,27;280,288,42;281,288,42;282,288,42;285,289,-27;289,289,37;282,279,29;283,279,47;290,272,-68;323,270,59;259,272,-73;322,239,121;248,279,4;303,219,176;248,281,1;301,215,192;252,283,4;299,215,181;253,282,7;299,216,174;301,193,-44;324,193,44;275,144,-22;331,145,79;270,87,1;341,98,105;273,78,4;346,91,108;254,78,-1;336,91,100
275,282,39;275,287,20;275,287,20;275,287,20;276,287,35;276,287,35;277,287,35;280,289,-37;283,288,37;278,279,20;279,278,40;284,272,-76;322,269,51;255,275,-92;317,250,117;226,278,-42;295,231,186;219,278,-48;287,226,202;219,280,-43;284,229,191;227,280,-37;286,227,183;299,192,-43;324,193,43;275,142,-9;332,145,89;270,85,21;341,97,123;274,77,26;344,90,127;254,78,21;338,91,120
274,282,43;273,286,23;273,287,23;273,287,23;274,286,38;275,287,38;276,287,38;278,287,-37;282,288,35;276,278,23;277,278,43;281,271,-80;322,269,44;252,274,-142;323,244,94;217,277,-126;307,218,147;205,275,-141;302,205,161;204,276,-129;299,205,147;209,277,-122;301,208,143;299,191,-42;324,192,42;275,142,5;332,145,97;273,86,57;342,98,145;276,79,64;344,91,151;257,78,53;337,92,138
272,277,39;271,282,19;271,282,19;272,283,19;272,283,35;273,283,35;274,284,35;276,283,-40;280,285,34;275,273,19;276,274,41;283,270,-85;321,268,48;246,273,-143;321,242,101;212,277,-114;309,215,149;200,275,-126;305,208,161;214,276,-113;301,208,151;204,276,-109;303,210,146;298,191,-42;324,192,41;277,143,16;333,145,96;275,92,68;343,99,128;279,85,74;345,93,132;262,80,66;339,93,120
272,271,32;271,277,14;271,277,14;271,277,14;272,277,30;273,277,30;274,278,30;276,279,-41;279,280,30;275,269,14;276,269,35;284,268,-90;321,266,46;250,271,-151;322,238,100;212,275,-134;307,215,147;202,272,-149;302,210,160;201,272,-135;299,210,147;204,273,-129;300,212,143;299,188,-41;324,191,40;279,141,17;333,143,97;278,90,80;344,98,139;281,83,87;347,90,145;266,79,81;340,91,131
273,268,31;272,274,13;272,274,13;272,274,13;273,274,29;274,274,29;274,275,29;277,276,-42;280,277,29;276,266,13;277,267,34;286,266,-92;321,264,46;252,269,-173;325,233,98;214,272,-190;311,211,139;203,269,-210;307,204,152;203,270,-193;303,205,137;205,270,-185;305,207,134;300,186,-40;324,188,40;281,137,10;334,143,103;278,87,64;345,96,156;282,82,70;348,89,162;263,75,59;340,89,147
273,267,34;272,272,16;272,272,15;272,273,15;273,272,32;274,273,32;275,273,31;278,275,-42;281,276,29;276,264,15;277,265,36;286,264,-91;320,262,49;252,267,-152;323,232,102;215,269,-139;308,214,149;204,267,-154;306,210,165;204,268,-140;303,210,149;207,268,-134;304,211,145;300,185,-39;324,187,39;282,136,11;334,142,97;278,86,59;346,96,142;282,81,65;348,88,147;262,75,56;340,89,136
274,266,34;273,271,16;273,272,16;273,272,16;274,272,32;275,272,32;275,273,32;279,274,-42;281,275,29;277,264,16;278,264,37;287,263,-90;320,261,49;254,267,-147;324,230,103;219,267,-127;313,209,151;208,265,-140;309,203,166;208,266,-128;306,203,153;211,266,-122;307,205,147;300,184,-38;324,186,38;284,136,18;334,142,100;280,87,59;347,96,134;282,80,64;350,88,138;270,75,56;340,89,126
275,267,38;274,272,20;274,272,20;274,272,20;275,272,35;276,272,35;277,273,35;279,274,-37;282,275,32;278,265,20;279,265,40;287,263,-83;320,260,50;254,263,-126;324,229,104;222,266,-91;315,207,155;213,265,-100;312,202,171;213,266,-86;309,202,159;217,266,-85;310,204,152;300,184,-39;324,186,39;286,136,15;335,142,99;281,90,54;348,97,132;283,81,59;350,88,136;270,78,51;340,91,126
275,268,57;274,273,38;274,273,38;274,273,38;275,273,52;276,273,52;277,274,52;279,275,-21;282,276,42;278,265,39;279,266,57;287,263,-63;320,261,58;255,258,-71;324,230,112;228,265,3;313,208,165;222,265,1;310,204,179;222,267,10;308,204,170;227,266,9;308,205,163;300,186,-39;323,187,39;285,138,0;335,144,97;280,92,31;348,99,131;283,82,36;350,90,136;262,81,28;340,94,128
275,269,49;274,273,30;274,274,30;275,274,30;275,274,44;276,274,44;277,274,44;279,276,-27;282,276,40;279,266,31;279,266,50;287,264,-65;320,261,57;255,252,-59;321,230,115;237,266,20;312,209,170;233,266,19;309,205,185;237,268,26;306,205,176;239,267,25;307,207,168;300,187,-39;322,188,39;284,140,0;333,147,96;280,92,33;347,102,123;282,83,37;348,92,127;260,83,31;339,96,125
275,269,56;274,274,36;274,274,36;274,274,36;275,274,50;276,274,50;276,275,50;278,276,-23;282,276,39;278,266,38;279,267,56;285,264,-61;318,261,59;256,245,-42;321,228,127;245,265,49;305,209,199;243,267,52;302,207,217;247,269,57;300,208,210;248,268,55;300,209,198;298,188,-38;320,189,38;284,142,3;331,148,90;279,92,33;346,104,105;281,83,38;347,94,108;258,85,33;339,98,108
275,269,55;274,274,32;274,274,32;274,274,32;275,274,45;275,274,45;276,275,45;278,276,-29;281,277,32;278,267,35;279,267,54;286,264,-65;317,262,58;262,240,-64;318,229,118;252,263,10;305,210,162;249,267,8;302,207,175;252,269,13;300,208,166;253,268,14;300,209,160;297,190,-40;319,191,40;284,144,1;331,150,97;279,94,34;346,106,140;281,85,40;346,97,145;259,84,35;338,101,142
276,270,43;275,275,22;275,275,22;275,276,22;276,275,36;277,275,36;277,276,36;279,277,-35;282,277,28;279,268,26;280,268,45;286,264,-68;317,262,57;269,239,-65;316,229,117;260,261,13;300,211,157;258,267,12;297,209,170;262,269,16;296,209,160;264,268,18;296,210,155;298,190,-41;320,191,41;283,145,2;331,151,101;278,96,34;345,107,134;281,86,39;346,98,138;259,85,35;339,102,135
278,271,34;278,276,14;278,276,14;278,277,14;278,276,28;278,276,28;278,276,28;282,278,-36;282,277,25;281,269,20;282,269,38;288,264,-69;316,264,57;274,236,-61;316,231,117;266,259,6;301,218,158;265,265,3;298,216,171;270,267,6;297,218,162;271,265,9;297,218,156;298,191,-42;319,192,42;283,147,-5;331,152,106;278,96,26;345,109,151;281,87,31;346,100,157;257,86,24;340,103,155
279,273,23;279,277,4;279,278,4;279,278,4;279,277,19;279,278,19;279,278,19;283,279,-43;283,278,21;283,271,10;283,271,29;289,264,-73;315,266,59;277,235,-71;312,234,123;271,260,-13;293,242,173;271,265,-16;290,247,186;275,268,-18;289,247,180;275,265,-11;289,245,171;297,192,-42;319,193,42;281,150,9;331,153,103;277,98,55;345,110,146;280,89,61;346,102,151;256,90,59;340,106,148
280,275,23;280,279,5;280,279,5;280,280,5;280,279,20;280,279,20;280,279,20;283,280,-42;283,279,24;284,273,10;284,273,29;289,264,-72;314,267,65;278,234,-75;308,238,131;272,259,-18;288,250,182;271,265,-21;285,256,195;274,267,-22;284,256,189;275,265,-16;286,259,180;297,192,-42;318,194,42;280,151,7;329,153,93;275,100,47;343,111,124;279,90,51;345,103,128;255,92,46;338,108,123
280,275,6;279,279,-9;279,279,-9;280,280,-9;279,279,6;280,279,6;280,279,6;283,281,-52;283,279,17;283,273,-4;284,273,15;290,264,-81;312,268,63;279,234,-87;300,241,128;271,259,-32;282,255,162;271,265,-36;283,264,171;274,267,-34;282,266,166;275,265,-29;282,265,160;297,193,-44;316,195,44;278,152,5;327,154,102;274,101,49;342,112,158;278,91,54;344,104,164;253,92,48;335,110,161
281,275,12;280,279,-3;280,280,-3;280,280,-3;280,279,11;281,279,11;281,279,11;284,281,-48;284,280,20;284,273,0;285,273,20;291,264,-81;312,269,63;281,234,-86;301,240,127;272,260,-32;284,253,160;271,265,-36;284,261,170;275,267,-32;284,263,165;275,266,-28;284,262,158;297,195,-44;315,196,44;277,154,-2;325,155,97;272,103,35;340,113,149;276,94,39;343,105,154;252,94,32;333,112,149
281,275,7;281,279,-8;281,279,-8;281,280,-8;281,279,7;281,279,7;282,279,7;285,281,-51;285,280,18;285,273,-4;285,273,15;292,264,-81;313,269,63;283,234,-87;301,240,125;274,259,-31;285,253,160;273,264,-35;286,261,172;276,266,-31;285,263,166;277,265,-28;285,262,158;297,195,-44;315,196,44;276,153,-4;324,155,89;269,103,33;337,113,130;273,94,37;340,105,134;250,94,29;331,111,128
282,274,5;281,278,-9;281,279,-9;282,279,-9;281,278,5;282,278,5;282,278,5;286,280,-49;286,279,19;286,273,-5;286,273,14;294,264,-79;313,268,63;285,233,-89;302,239,123;275,258,-42;287,253,157;274,262,-47;286,259,168;277,264,-43;286,261,162;278,262,-38;287,260,154;297,194,-43;315,196,43;276,152,-5;323,154,76;267,104,28;335,113,105;270,94,31;337,105,108;248,94,22;330,110,100
283,274,11;282,278,-5;282,278,-5;282,279,-5;282,277,10;283,278,10;283,278,10;286,280,-46;287,279,21;286,273,0;287,272,18;295,264,-76;313,268,65;285,233,-84;302,239,123;276,258,-30;287,254,161;275,262,-33;286,259,173;277,264,-30;287,261,169;279,262,-27;287,260,159;297,195,-43;315,196,43;275,153,-13;322,154,81;265,106,11;333,114,114;268,96,14;335,105,118;246,95,4;327,111,113
284,274,11;283,278,-3;283,278,-4;283,278,-4;284,277,11;284,278,11;284,278,11;287,280,-45;288,279,23;287,273,0;287,272,19;296,264,-76;313,269,67;285,234,-84;303,240,123;277,258,-25;288,252,161;276,262,-27;287,257,173;279,264,-24;287,259,169;280,262,-21;288,257,160;298,196,-43;315,196,43;276,156,-17;322,155,82;264,107,4;332,114,115;268,98,6;334,105,119;245,96,-4;327,111,114
284,274,3;284,277,-9;284,278,-9;284,278,-9;284,277,5;284,277,5;285,278,5;289,279,-45;289,278,23;288,272,-5;288,272,14;300,264,-76;313,268,67;285,234,-76;301,240,117;277,259,0;288,251,151;276,263,0;288,255,163;279,265,2;288,257,161;281,263,4;288,256,151;300,196,-44;315,196,44;276,157,-16;321,154,81;264,109,12;332,114,115;268,100,16;333,105,118;246,96,9;322,106,115
285,273,6;285,277,-7;285,278,-7;286,278,-7;285,277,7;285,277,7;286,277,7;290,279,-41;289,278,26;289,272,-3;289,272,16;302,265,-72;312,267,71;285,236,-72;299,239,118;278,260,1;289,250,152;276,265,1;288,255,163;280,266,4;288,257,161;281,265,5;288,256,151;302,197,-44;316,196,44;276,159,-26;321,155,70;265,110,-4;331,114,93;268,100,-1;332,105,95;247,98,-6;320,105,92
