257,289,-111;257,294,-100;257,294,-100;258,294,-100;254,294,-115;253,295,-115;251,295,-115;253,294,-36;244,295,-106;255,286,-86;252,286,-107;252,274,32;224,268,-124;257,250,64;251,243,-129;274,269,24;271,265,-72;277,274,19;275,270,-76;275,276,18;272,273,-79;272,274,21;271,271,-71;251,204,38;229,201,-38;271,174,44;221,161,-2;269,134,136;201,118,71;262,126,144;196,113,77;290,123,110;214,99,27
257,289,-64;257,293,-57;257,293,-57;258,294,-57;255,294,-72;253,294,-72;251,295,-72;253,294,-13;245,295,-84;255,286,-46;252,286,-67;250,273,34;225,268,-105;256,250,39;251,243,-106;272,270,-24;271,265,-47;276,275,-35;275,271,-50;274,276,-36;273,274,-52;271,275,-28;271,272,-45;251,205,36;229,202,-36;271,174,85;221,161,-6;268,134,157;201,119,37;262,126,163;196,113,40;290,123,140;212,100,-1
258,288,-51;258,292,-45;258,293,-45;258,293,-45;256,293,-61;255,293,-61;253,294,-61;253,293,-7;247,294,-78;255,285,-36;254,285,-57;250,273,39;226,269,-102;256,250,80;251,244,-104;271,271,68;271,267,-51;276,276,66;276,272,-55;273,277,62;273,275,-57;271,276,65;271,273,-50;251,205,36;229,202,-36;271,173,92;221,160,-12;268,135,165;201,119,24;262,126,171;196,113,26;290,123,149;212,101,-14
259,288,-54;259,292,-47;259,293,-46;259,293,-47;257,293,-62;256,293,-62;255,294,-62;254,293,-5;248,294,-73;257,285,-37;255,285,-57;250,273,42;227,269,-99;259,255,89;252,245,-107;272,272,90;272,267,-52;276,276,89;278,272,-54;274,277,86;275,275,-56;271,276,87;272,273,-50;251,205,36;230,202,-36;271,173,84;221,160,-21;268,135,159;201,119,6;262,126,165;195,113,7;290,123,142;211,101,-35
262,288,-60;261,292,-52;261,293,-52;260,293,-52;260,292,-68;258,293,-68;257,293,-68;255,293,-7;250,293,-79;259,285,-42;258,285,-63;254,272,41;229,269,-103;273,258,28;255,245,-103;279,272,-52;276,268,-35;280,276,-66;280,273,-38;276,277,-66;277,275,-41;275,276,-55;275,273,-33;251,205,36;231,202,-36;271,173,90;222,159,-20;268,135,166;200,119,10;262,126,173;195,113,11;290,123,152;211,101,-32
263,287,-59;262,292,-51;262,292,-51;262,292,-51;261,292,-67;260,292,-67;258,292,-67;256,293,-2;251,293,-75;261,284,-40;259,284,-61;257,270,40;231,268,-100;273,257,0;259,246,-104;285,270,-113;281,265,-37;287,274,-132;287,271,-40;284,275,-129;284,273,-41;282,274,-116;281,271,-34;252,205,36;232,202,-36;273,173,53;222,158,-17;268,135,121;200,119,26;261,126,127;195,113,28;290,123,101;211,101,-15
264,286,-91;263,291,-80;263,291,-80;263,291,-80;262,291,-94;260,291,-94;259,292,-94;259,291,-22;252,292,-84;261,283,-68;259,283,-86;260,269,34;232,268,-115;270,250,24;260,245,-142;287,267,-41;286,265,-99;292,271,-49;293,270,-108;289,273,-52;290,273,-104;286,272,-45;287,271,-96;254,204,37;233,202,-37;277,173,20;223,156,-15;269,135,92;200,119,42;261,126,98;195,113,46;290,123,70;211,101,-1
271,284,-53;270,288,-45;270,289,-45;270,289,-45;269,288,-61;268,289,-61;266,289,-61;264,289,-3;259,290,-76;268,280,-37;266,281,-58;260,268,48;241,265,-104;270,246,92;267,240,-103;285,265,83;287,264,-36;290,270,83;292,270,-39;287,272,79;288,273,-38;284,270,79;286,271,-33;259,202,40;240,199,-40;285,173,44;225,155,-17;274,138,149;200,118,44;266,130,158;195,113,49;291,123,137;211,101,5
277,282,-50;277,287,-42;276,287,-42;276,288,-42;275,287,-57;274,288,-57;273,289,-57;270,288,1;265,289,-70;274,279,-32;273,279,-53;265,268,44;245,264,-93;271,245,36;268,240,-84;287,256,-42;286,262,0;290,264,-52;290,270,1;288,264,-52;287,272,0;286,263,-46;285,268,2;263,201,38;241,198,-38;289,173,4;225,155,-30;278,140,91;200,118,29;271,133,99;195,113,34;294,123,77;211,100,-5
284,283,-51;282,288,-42;282,288,-42;282,288,-42;280,288,-57;279,288,-57;278,289,-57;276,289,2;271,289,-65;282,280,-33;280,280,-53;274,268,46;250,264,-95;288,262,62;270,240,-96;290,268,52;289,262,-17;292,271,52;294,269,-16;289,273,53;292,271,-16;288,270,50;289,269,-14;267,202,36;245,198,-36;293,174,-3;226,156,-43;285,140,93;201,119,15;278,133,102;195,114,19;302,123,77;211,100,-24
288,283,-102;288,288,-92;288,288,-92;288,289,-92;285,288,-104;284,288,-104;282,289,-104;285,289,-31;277,290,-85;286,280,-78;283,280,-95;286,270,34;255,268,-112;296,270,79;272,245,-151;304,270,91;299,263,-120;308,272,94;308,268,-130;306,273,88;305,270,-128;302,272,87;307,263,-117;272,203,36;249,202,-36;296,175,33;227,159,-79;294,140,160;202,120,-44;289,134,170;197,115,-43;312,124,138;211,101,-103
296,284,-114;296,288,-105;297,289,-105;297,289,-105;294,288,-119;292,289,-119;291,289,-119;292,289,-50;284,290,-114;295,280,-92;292,281,-111;294,271,-1;261,270,-135;324,277,32;280,259,-215;339,277,47;308,268,-243;344,277,60;309,270,-264;341,276,22;314,271,-261;340,275,34;312,269,-243;277,203,36;252,203,-36;299,175,114;229,162,-81;303,140,238;204,122,-57;299,133,247;199,117,-58;324,124,214;210,102,-125
305,283,-124;305,287,-116;305,288,-116;305,288,-116;303,288,-131;302,288,-132;300,289,-132;299,288,-65;293,289,-136;303,279,-103;300,280,-124;300,270,-12;269,271,-155;327,277,7;294,267,-219;358,284,-26;320,270,-223;368,287,-32;316,270,-242;369,287,-48;326,272,-238;366,286,-35;324,271,-221;281,205,38;257,207,-38;302,175,141;233,164,-82;312,140,269;206,123,-65;307,132,280;200,118,-67;332,125,246;211,102,-135
311,282,-128;311,287,-120;311,287,-120;310,287,-120;309,287,-135;308,287,-135;306,288,-135;305,288,-70;300,289,-139;309,279,-107;307,279,-127;308,270,-21;275,271,-157;340,278,-17;295,262,-231;371,286,-65;319,266,-258;380,286,-76;317,268,-279;381,287,-89;325,267,-276;378,287,-74;323,267,-257;285,205,38;261,207,-38;307,175,136;236,165,-70;317,139,261;207,125,-45;311,132,271;202,120,-46;337,125,238;210,102,-112
320,280,-115;319,285,-107;318,285,-107;318,285,-107;317,285,-118;316,286,-118;315,286,-118;312,287,-53;308,287,-122;317,277,-92;315,278,-109;311,269,0;283,271,-147;342,274,-2;300,261,-226;375,282,-39;323,263,-263;383,284,-53;322,264,-285;383,285,-40;329,264,-281;381,284,-47;327,265,-262;291,204,43;268,207,-43;312,175,128;241,165,-65;318,138,242;211,129,-37;312,131,251;205,125,-38;337,124,220;211,106,-102
324,277,-91;324,282,-82;324,282,-82;323,283,-82;322,282,-99;321,283,-99;320,284,-99;317,284,-35;313,285,-115;321,275,-72;320,275,-96;313,268,2;287,269,-140;343,273,51;306,250,-215;372,276,35;326,263,-248;380,277,33;334,265,-269;380,279,20;333,266,-263;377,278,27;328,265,-246;294,203,38;273,206,-38;318,178,-56;246,166,-27;319,138,18;216,134,43;312,131,24;210,130,46;338,124,-20;217,110,-11
328,275,-74;328,280,-63;327,280,-63;327,280,-63;326,280,-81;325,280,-81;324,281,-81;322,281,-15;317,282,-95;324,273,-55;322,273,-78;320,263,29;289,267,-130;342,266,97;306,247,-215;360,266,117;337,261,-247;366,266,125;346,262,-266;368,267,114;346,264,-257;361,266,112;341,263,-244;298,202,37;275,204,-37;324,178,-94;251,167,-14;320,137,-51;221,136,62;313,131,-48;216,133,66;340,124,-96;225,114,12
326,275,-85;327,279,-74;327,279,-74;327,280,-74;325,280,-90;324,280,-90;322,281,-90;323,280,-20;316,282,-98;324,272,-64;321,273,-84;322,262,10;289,267,-128;346,261,-5;307,246,-202;362,265,-78;337,259,-223;369,267,-90;347,259,-237;369,268,-97;345,262,-256;363,265,-84;342,261,-228;299,202,32;276,204,-32;324,178,-73;252,167,-12;320,137,-7;223,137,58;313,131,-2;218,133,62;340,123,-46;226,114,7
330,273,-63;330,278,-54;330,278,-54;330,278,-54;329,278,-71;328,278,-71;326,278,-71;325,279,-7;320,280,-81;327,271,-44;325,271,-66;323,262,29;292,266,-107;337,245,-8;311,240,-130;360,258,-119;338,257,-78;368,260,-137;345,259,-85;359,263,-137;343,262,-82;359,260,-124;340,261,-74;302,202,32;279,204,-32;327,178,-46;256,167,-5;321,137,-1;229,136,68;313,131,2;224,133,73;340,123,-36;234,114,26
334,273,-46;334,278,-37;334,278,-37;334,278,-37;332,278,-53;331,279,-53;330,279,-53;330,279,8;323,281,-61;331,271,-28;329,271,-48;327,261,48;297,266,-87;334,240,12;313,238,-102;348,259,-58;336,257,-42;353,261,-69;342,261,-46;345,264,-69;340,263,-44;344,263,-61;337,262,-39;304,202,33;281,204,-33;329,177,-63;259,167,9;320,137,-22;236,135,100;313,131,-19;231,132,107;339,123,-61;242,115,61
338,273,-30;338,278,-22;338,278,-22;338,278,-22;336,278,-38;335,279,-38;334,280,-38;333,280,19;327,281,-51;335,271,-13;332,271,-34;329,260,59;300,266,-81;332,240,51;311,239,-96;343,258,-5;337,257,-36;346,262,-13;342,261,-38;342,264,-11;339,263,-37;339,264,-7;337,262,-33;306,202,34;283,205,-34;330,177,-65;264,168,-9;320,136,-30;241,135,59;312,131,-28;237,131,64;339,123,-67;247,114,12
338,274,-33;339,278,-25;339,278,-25;339,279,-25;337,279,-40;336,280,-40;335,280,-40;336,280,16;329,282,-49;336,271,-16;333,272,-36;330,259,54;302,266,-77;331,238,42;311,239,-87;343,258,-15;339,255,-24;346,262,-25;345,260,-25;344,265,-20;342,262,-24;340,264,-11;340,261,-21;308,202,34;286,205,-34;331,177,-50;268,168,-11;320,136,-13;244,134,50;312,131,-10;240,130,54;338,123,-46;249,113,4
340,273,-39;341,278,-30;341,278,-30;341,278,-30;339,278,-46;338,279,-46;337,279,-46;337,280,14;331,281,-52;337,271,-21;335,272,-41;332,260,54;303,266,-80;338,238,14;313,240,-95;348,255,-90;342,256,-36;351,258,-106;348,259,-40;348,260,-103;346,261,-38;345,259,-93;343,260,-33;310,202,34;288,205,-34;332,177,-42;270,167,-13;320,136,-1;246,132,46;312,130,1;241,129,49;339,123,-34;249,112,1
342,274,-39;342,278,-30;342,278,-30;342,279,-30;340,278,-46;339,279,-46;338,280,-46;337,280,14;332,281,-54;339,271,-21;337,272,-41;332,260,53;304,267,-83;338,240,19;313,241,-99;348,257,-71;342,256,-42;351,260,-86;349,260,-46;348,261,-84;346,261,-44;345,260,-75;343,260,-39;310,203,35;289,205,-35;332,177,-36;272,167,-24;320,136,4;246,131,15;312,130,7;242,129,17;339,123,-25;249,111,-32
343,274,-33;343,278,-24;343,279,-24;343,279,-24;341,279,-40;340,279,-40;339,280,-40;338,280,18;333,282,-51;340,271,-15;338,272,-36;333,260,55;305,267,-81;338,240,16;316,241,-95;348,259,-81;343,258,-33;352,261,-96;349,261,-37;348,262,-94;346,262,-36;345,262,-84;343,261,-31;311,203,37;289,205,-37;333,177,-34;271,167,-32;321,137,12;245,131,2;312,130,15;241,128,4;339,122,-18;249,110,-45
342,274,-25;342,279,-17;342,279,-17;342,279,-17;341,279,-34;340,279,-34;339,280,-34;337,281,21;332,282,-53;339,271,-9;337,272,-31;331,260,64;306,267,-84;337,240,58;322,241,-85;348,258,0;343,259,-8;352,260,-8;348,262,-9;348,261,-8;345,263,-11;345,261,-3;342,262,-6;310,203,40;290,205,-40;333,176,4;270,166,-31;320,137,49;244,130,0;312,130,52;239,128,2;339,122,25;248,108,-44
342,274,-26;342,279,-19;342,279,-19;342,279,-19;341,279,-36;340,280,-36;339,280,-36;337,281,17;333,282,-57;338,272,-11;337,272,-33;329,261,61;306,267,-87;336,241,74;324,242,-81;348,258,38;343,261,2;352,259,33;348,264,3;348,260,30;345,265,1;345,260,34;342,263,4;310,203,39;289,205,-39;332,176,4;270,166,-30;320,137,46;243,130,-1;311,130,49;238,128,0;339,122,24;247,108,-45
341,274,-32;341,279,-24;341,279,-24;341,279,-24;340,279,-41;339,280,-41;338,280,-41;336,281,15;331,282,-58;337,272,-16;336,272,-38;329,261,61;305,267,-87;335,241,68;323,241,-88;348,257,19;343,261,-16;352,258,13;348,264,-17;348,259,11;345,265,-18;345,260,15;342,264,-13;309,203,39;289,205,-39;332,175,0;270,166,-29;320,137,42;243,130,3;311,130,45;238,128,5;339,121,18;247,107,-40
340,274,-32;340,279,-25;340,279,-25;340,279,-25;339,279,-42;338,280,-42;337,280,-42;335,281,12;331,282,-68;336,272,-17;335,272,-40;325,263,58;305,267,-95;331,241,95;325,239,-88;347,256,80;343,261,-12;351,257,80;347,264,-13;347,260,76;344,265,-15;345,259,77;341,264,-10;309,203,40;288,205,-40;331,175,11;269,166,-17;319,137,53;242,130,24;311,129,56;238,127,26;338,121,29;247,107,-16
339,274,-30;340,279,-23;340,279,-24;339,280,-24;339,279,-41;338,280,-41;337,280,-41;334,281,12;330,282,-69;336,272,-16;335,272,-39;324,263,57;304,266,-96;330,241,91;322,234,-90;346,253,69;343,257,-24;351,256,67;348,262,-28;347,259,63;344,265,-29;344,258,65;342,263,-23;308,204,40;287,205,-40;331,175,11;269,165,-8;319,137,50;242,130,39;311,129,53;237,127,42;338,121,24;246,107,-1
