292,277,-50;291,282,-43;291,282,-43;291,282,-43;290,282,-59;289,282,-59;287,282,-59;286,282,-4;280,282,-73;290,274,-33;288,274,-53;283,265,31;261,261,-88;286,244,0;280,233,-83;299,255,-103;299,253,-22;302,259,-120;304,258,-26;300,263,-119;301,261,-27;297,262,-106;299,259,-20;276,205,29;255,202,-29;307,184,-59;237,166,16;306,144,-2;219,134,122;300,138,1;218,129,131;321,129,-35;216,119,90
291,277,-46;291,281,-39;291,282,-39;291,282,-39;289,281,-55;288,282,-55;287,282,-55;285,282,0;280,282,-68;289,274,-30;287,274,-50;282,266,33;259,261,-85;285,245,0;280,233,-82;298,255,-106;299,254,-22;302,259,-124;304,259,-25;298,263,-123;301,262,-24;297,261,-110;298,260,-19;277,207,29;255,202,-29;307,183,-54;237,166,-15;306,144,18;219,134,81;300,138,24;218,129,90;321,129,-12;216,120,48
291,277,-40;290,281,-32;291,281,-32;291,282,-32;289,281,-48;288,282,-48;286,282,-48;285,282,6;280,282,-62;289,273,-23;287,274,-44;282,266,38;258,261,-81;285,245,3;279,233,-79;298,254,-106;298,254,-17;301,258,-122;304,259,-20;299,259,-122;301,262,-17;297,258,-110;298,261,-14;277,207,29;255,203,-29;308,183,-56;237,167,-17;306,144,9;219,134,73;300,138,15;218,129,81;321,129,-21;216,120,39
291,277,-38;290,281,-31;290,281,-31;290,282,-31;289,281,-46;288,282,-46;286,282,-46;285,282,7;279,282,-60;289,273,-22;287,274,-42;281,266,39;257,261,-78;285,246,5;278,233,-76;298,254,-101;297,254,-12;301,257,-117;303,259,-14;300,259,-117;300,262,-12;296,258,-105;298,261,-9;277,207,28;255,203,-28;308,183,-58;238,167,-13;307,144,7;219,134,79;300,138,12;218,129,87;321,129,-25;216,120,46
291,277,-39;290,281,-31;290,281,-31;290,281,-31;289,281,-47;288,281,-47;286,282,-47;285,282,8;279,282,-60;289,273,-22;287,274,-43;281,266,39;257,261,-79;286,247,4;278,233,-77;297,255,-106;296,254,-14;303,257,-123;303,259,-16;301,258,-123;299,262,-14;296,259,-111;297,261,-10;277,207,28;255,203,-28;308,183,-61;238,167,-10;307,144,2;219,134,82;300,138,7;218,129,89;321,129,-32;216,120,48
292,277,-46;292,281,-38;292,281,-38;292,281,-38;290,281,-53;289,281,-53;288,282,-53;286,282,6;281,282,-62;290,273,-28;289,273,-47;284,267,38;258,261,-80;300,249,-2;280,233,-77;297,256,-113;298,255,-13;303,257,-130;304,260,-14;301,257,-127;300,263,-13;296,259,-116;298,261,-9;279,208,27;257,203,-27;311,183,-63;238,167,-31;308,145,8;219,134,53;302,138,14;218,129,60;325,130,-21;216,120,19
293,277,-50;292,281,-42;292,281,-42;292,281,-42;291,281,-57;290,281,-57;288,282,-57;287,282,3;281,282,-63;291,273,-32;290,274,-51;286,268,36;259,261,-80;303,257,-7;281,233,-81;298,255,-120;298,255,-14;303,256,-138;304,260,-16;301,254,-135;300,263,-15;296,257,-123;298,261,-11;280,208,27;258,203,-27;311,183,-65;239,167,-29;309,145,7;219,134,58;302,138,13;218,129,65;326,130,-22;216,120,24
300,277,-105;299,281,-94;299,281,-94;299,281,-94;298,281,-108;296,281,-108;295,282,-108;293,282,-39;287,283,-97;298,273,-82;296,274,-100;294,269,9;264,263,-106;306,261,9;281,236,-148;317,265,-42;299,255,-145;321,267,-50;310,261,-158;319,267,-55;305,263,-152;316,267,-46;303,261,-142;286,208,26;263,206,-26;317,183,-54;240,169,-36;318,146,26;219,134,31;313,139,32;218,130,36;335,131,-3;217,120,-12
304,277,-108;304,281,-98;304,281,-98;304,281,-98;302,281,-110;301,281,-110;300,282,-110;299,282,-42;292,283,-94;302,273,-85;300,273,-100;302,269,3;268,265,-97;319,259,6;280,237,-152;336,266,-59;301,255,-199;343,268,-71;309,260,-218;344,269,-79;307,263,-213;341,269,-65;305,261,-197;290,208,22;266,207,-22;319,182,-44;241,171,-66;325,146,52;219,134,3;320,139,60;219,129,7;341,131,21;217,120,-47
307,275,-111;308,279,-102;308,279,-102;308,280,-102;306,280,-113;305,280,-113;303,281,-113;303,280,-50;296,282,-99;305,272,-90;303,272,-104;308,268,-7;272,265,-99;335,261,-2;280,237,-168;364,267,-53;301,254,-232;374,268,-63;309,257,-254;375,270,-76;307,261,-248;371,269,-61;304,260,-231;293,206,21;269,207,-21;322,178,-36;242,171,-90;329,146,63;220,134,-15;324,138,71;220,130,-9;345,131,31;217,120,-66
310,272,-135;310,276,-125;311,276,-125;311,276,-125;308,277,-135;306,277,-135;305,278,-135;308,277,-68;298,279,-110;308,269,-112;305,269,-125;312,265,-20;276,264,-107;343,261,-20;281,237,-185;372,268,-68;302,251,-263;382,269,-79;310,254,-287;383,270,-90;309,258,-281;379,270,-76;307,256,-263;296,203,20;271,207,-20;325,176,-48;243,171,-97;330,144,60;221,135,-11;325,137,69;222,130,-5;344,131,27;217,120,-64
311,270,-128;312,274,-118;312,274,-118;313,274,-118;309,274,-128;308,275,-128;306,275,-129;309,274,-62;300,276,-107;310,266,-106;307,266,-119;315,262,-16;278,260,-108;344,260,-17;283,235,-192;372,267,-66;304,247,-272;382,268,-77;311,249,-297;382,269,-89;311,253,-290;378,269,-74;308,252,-271;298,201,20;273,204,-20;328,176,-62;244,171,-98;330,144,58;222,135,-11;324,137,68;223,130,-6;343,131,28;217,120,-66
312,266,-136;312,271,-127;313,271,-127;313,271,-127;310,271,-137;308,271,-137;306,272,-137;310,271,-72;300,273,-116;311,263,-114;308,263,-127;315,259,-31;278,256,-115;344,260,-47;285,233,-206;371,266,-108;303,241,-290;381,268,-122;310,242,-314;381,269,-132;309,246,-308;378,268,-115;307,245,-290;300,199,18;275,202,-18;331,175,-83;244,170,-89;330,143,50;222,135,-2;324,137,54;223,130,3;344,131,16;217,120,-54
311,265,-135;311,269,-126;312,269,-126;312,269,-126;309,269,-137;307,270,-137;306,270,-137;308,270,-74;299,272,-120;310,261,-114;307,262,-127;314,258,-33;277,254,-120;343,259,-39;285,229,-199;368,266,-96;306,239,-270;378,268,-110;312,243,-292;378,269,-118;313,245,-287;375,268,-102;311,244,-269;301,199,17;275,200,-17;332,175,-77;244,169,-82;331,143,45;222,135,5;325,137,54;223,130,10;345,131,16;217,120,-44
309,266,-150;310,270,-140;310,270,-140;311,270,-140;307,270,-150;306,271,-150;304,271,-150;307,270,-84;298,273,-126;308,262,-127;305,263,-139;313,258,-40;276,254,-125;340,259,-52;285,229,-212;363,266,-109;305,241,-292;372,268,-122;311,246,-316;371,270,-132;311,248,-309;368,269,-116;310,247,-291;300,199,16;274,199,-16;332,175,-77;244,167,-73;330,143,48;223,135,13;325,137,59;224,130,20;345,130,19;217,120,-38
309,267,-111;309,271,-100;309,271,-100;310,271,-100;307,271,-108;305,272,-108;303,272,-108;306,271,-39;298,274,-77;308,263,-87;305,264,-97;311,259,4;275,255,-83;335,258,17;282,229,-184;362,266,-10;294,239,-268;367,269,-16;299,241,-291;367,270,-26;299,244,-286;364,269,-16;298,243,-268;298,200,17;273,200,-17;329,175,-69;244,167,-71;330,143,29;223,134,3;325,137,36;224,130,8;345,130,-1;217,120,-46
305,267,-131;306,271,-121;307,271,-121;307,271,-121;303,272,-130;301,273,-130;300,274,-130;305,271,-59;294,275,-96;304,264,-106;301,265,-117;310,259,-16;273,256,-89;329,255,-73;281,231,-200;344,266,-184;295,240,-290;351,268,-207;301,244,-315;349,270,-212;300,245,-309;347,269,-190;298,244,-289;297,200,18;272,200,-18;326,177,-71;244,168,-76;329,143,25;223,134,-5;325,136,33;224,129,0;345,130,-9;217,120,-61
301,271,-127;303,275,-117;303,275,-117;304,275,-117;300,276,-127;298,277,-127;296,278,-127;302,275,-57;291,279,-96;300,267,-103;297,269,-116;304,260,-16;270,260,-94;321,252,-57;278,232,-195;334,265,-156;294,245,-256;337,268,-176;299,248,-278;336,270,-177;299,252,-273;334,269,-160;297,250,-255;293,203,18;269,202,-18;321,179,-38;243,168,-77;329,143,54;223,134,-8;324,136,62;223,129,-3;345,130,25;217,120,-62
298,275,-127;299,279,-116;300,279,-116;301,278,-116;296,280,-124;295,280,-124;293,281,-124;300,278,-50;288,282,-92;297,271,-100;293,272,-111;299,262,-5;268,262,-85;313,250,-51;274,233,-159;322,263,-159;292,247,-228;324,267,-180;298,250,-248;323,270,-178;298,255,-242;321,268,-162;296,254,-226;289,205,18;266,204,-18;318,180,-31;242,169,-73;326,143,64;222,134,-1;322,137,72;223,129,3;344,130,35;217,120,-53
297,275,-111;299,279,-101;299,279,-101;300,279,-101;296,280,-111;295,281,-111;293,281,-111;298,279,-40;287,282,-89;297,271,-87;293,272,-101;298,263,2;267,263,-83;312,250,-44;274,234,-152;321,263,-149;293,250,-214;324,267,-169;298,253,-233;322,270,-168;298,257,-227;320,268,-152;297,256,-212;288,206,18;265,205,-18;317,181,-44;241,169,-69;326,143,57;222,134,2;321,136,62;223,129,6;343,130,26;217,120,-50
295,276,-79;297,280,-69;297,280,-69;298,280,-69;294,281,-80;293,282,-80;291,283,-80;296,280,-12;285,283,-62;295,272,-57;291,273,-72;295,264,23;265,264,-66;312,256,-26;273,235,-114;313,263,-138;292,251,-124;313,266,-152;298,254,-136;310,268,-151;298,260,-132;308,266,-144;296,257,-121;286,208,18;263,205,-18;315,182,-64;241,170,-44;320,144,25;222,134,35;315,137,32;223,129,41;335,130,-8;217,120,-11
289,278,-84;291,281,-73;292,281,-73;293,281,-73;288,283,-81;286,283,-81;285,284,-81;292,280,-14;280,284,-49;289,273,-61;285,275,-72;291,265,18;262,265,-54;313,263,-51;271,237,-117;308,263,-164;291,251,-146;308,265,-186;298,253,-161;305,266,-180;298,259,-156;304,265,-166;296,257,-144;283,207,15;260,205,-15;310,181,-95;239,170,-27;310,143,-20;222,134,47;304,136,-14;223,129,53;326,130,-58;217,120,2
288,278,-88;289,282,-77;290,281,-77;291,281,-77;286,283,-86;285,284,-86;283,284,-86;290,281,-20;278,285,-59;287,274,-65;283,275,-77;290,265,16;260,265,-63;314,261,-45;271,238,-126;311,263,-153;291,251,-156;312,265,-174;298,255,-171;309,266,-171;298,259,-165;307,265,-156;296,258,-153;282,207,15;259,205,-15;307,181,-94;238,170,-19;308,142,-21;222,134,60;302,134,-14;223,129,66;324,130,-58;217,121,16
286,278,-106;288,282,-95;289,282,-95;290,281,-95;284,283,-103;283,284,-103;281,285,-103;289,281,-37;276,285,-63;286,274,-83;281,276,-92;290,265,-2;258,265,-70;315,260,-71;269,238,-148;310,263,-180;290,251,-196;309,265,-202;297,254,-215;306,266,-197;298,258,-206;305,265,-182;295,257,-193;281,207,14;258,205,-14;306,180,-98;238,170,-29;308,142,-7;222,134,57;303,134,0;223,129,63;324,130,-44;217,121,10
285,279,-105;287,282,-95;288,282,-95;289,282,-95;284,284,-102;282,284,-102;280,285,-102;288,281,-36;275,286,-68;285,274,-83;281,276,-92;289,266,-1;258,265,-69;315,260,-63;267,238,-146;312,262,-174;288,251,-199;311,263,-197;295,254,-218;307,264,-192;296,258,-211;307,263,-176;293,257,-197;280,207,14;257,205,-14;305,180,-113;237,170,-37;308,142,-28;222,135,44;303,134,-20;223,130,50;324,130,-69;217,121,-3
286,279,-101;287,283,-91;288,283,-91;289,282,-91;284,284,-99;282,285,-99;280,285,-99;287,282,-32;275,286,-68;285,275,-78;281,276,-89;288,266,2;258,265,-68;311,257,-57;268,238,-138;313,261,-171;289,251,-187;314,261,-194;296,254,-205;310,262,-192;296,258,-199;309,262,-174;294,257,-184;279,207,14;256,206,-14;305,180,-107;236,170,-33;308,142,-33;222,135,43;303,134,-27;223,130,48;323,130,-77;217,121,-5
286,279,-101;288,283,-90;289,283,-90;289,283,-90;284,284,-99;283,285,-99;281,285,-99;287,282,-30;275,286,-70;285,275,-78;281,276,-89;288,266,8;257,266,-70;306,254,-42;267,238,-134;315,259,-163;290,250,-179;316,259,-183;296,253,-197;313,261,-181;297,257,-192;311,261,-165;294,256,-177;279,207,14;256,206,-14;305,180,-100;236,170,-25;308,142,-34;222,135,48;303,134,-29;223,130,53;323,130,-78;218,121,0
287,279,-100;288,283,-89;289,283,-89;289,283,-89;285,284,-99;284,285,-99;282,285,-99;286,283,-30;276,286,-71;286,275,-77;282,276,-89;288,266,8;257,266,-71;303,249,-36;267,238,-128;315,257,-149;290,250,-161;317,257,-170;298,252,-177;315,260,-173;299,257,-172;313,260,-153;295,256,-158;279,207,14;256,207,-14;305,180,-92;236,171,-21;308,142,-26;222,135,49;302,134,-21;223,130,53;323,130,-68;218,121,2
288,279,-94;289,283,-84;290,283,-84;290,283,-84;286,284,-95;284,285,-95;283,285,-95;287,283,-29;277,286,-72;286,275,-72;283,276,-86;289,266,8;257,266,-72;303,246,-32;266,237,-124;317,255,-137;290,249,-158;321,256,-156;298,252,-174;318,258,-159;300,256,-169;316,258,-141;296,255,-156;280,207,14;256,207,-14;305,180,-91;236,171,-27;308,142,-25;222,135,45;302,134,-21;223,130,50;323,130,-68;218,121,-2
288,279,-95;289,283,-85;290,283,-85;290,283,-86;286,284,-95;285,285,-95;283,285,-95;288,283,-30;277,286,-72;287,275,-73;284,276,-86;290,265,8;257,266,-72;304,244,-31;265,237,-124;320,253,-134;289,249,-164;326,254,-153;298,252,-180;323,258,-156;298,258,-175;320,257,-138;295,257,-162;280,207,14;256,207,-14;305,180,-92;236,171,-30;308,142,-25;222,135,43;303,134,-20;223,130,49;323,130,-68;218,122,-3
