248,275,-89;249,280,-80;250,280,-80;250,280,-80;247,281,-96;246,281,-96;244,282,-96;246,281,-28;237,282,-102;246,273,-69;243,273,-90;241,265,33;218,254,-123;251,245,123;247,231,-135;265,265,155;268,253,-101;271,268,161;273,259,-110;267,269,154;270,263,-111;264,268,152;267,260,-100;241,196,37;220,190,-37;271,170,6;209,151,12;271,133,90;186,114,114;264,124,98;181,109,122;290,120,63;197,94,77
248,275,-73;249,280,-65;249,280,-65;249,280,-65;247,280,-81;246,281,-81;244,281,-81;245,280,-21;237,282,-95;246,272,-55;243,273,-77;241,264,32;218,256,-119;251,241,78;249,234,-134;269,258,60;269,253,-100;274,263,59;275,258,-110;274,265,52;272,262,-107;271,263,56;270,260,-97;243,196,37;221,191,-37;271,171,16;209,152,-11;271,134,98;186,114,61;266,128,105;181,109,66;290,120,75;197,95,23
250,274,-36;250,279,-28;250,279,-28;250,279,-28;249,279,-46;248,279,-46;246,280,-46;245,279,12;239,281,-71;247,271,-20;246,271,-44;242,262,51;219,256,-102;255,238,52;250,234,-113;275,255,-23;270,252,-66;281,258,-35;276,257,-75;278,262,-41;274,261,-72;275,261,-29;271,259,-63;247,196,37;223,191,-37;276,171,-17;211,152,-22;274,136,67;186,114,60;269,131,74;182,109,67;290,120,44;197,95,24
251,274,-25;251,278,-17;251,278,-17;251,278,-17;250,279,-34;249,279,-34;248,280,-34;246,278,21;240,280,-55;249,270,-9;247,271,-32;243,262,58;222,257,-84;255,236,51;251,233,-86;273,256,-14;270,253,-23;279,260,-24;276,258,-27;275,263,-26;273,262,-24;273,261,-19;271,260,-20;250,197,36;226,192,-36;279,172,-35;212,152,-27;278,138,36;187,114,41;273,134,42;182,109,47;291,120,10;197,95,3
257,274,-22;257,278,-14;256,278,-14;256,278,-14;255,279,-30;254,279,-30;253,280,-30;250,278,23;245,280,-48;254,270,-7;253,271,-28;247,262,54;225,257,-73;254,236,39;251,231,-80;267,257,-25;269,254,-26;269,262,-34;275,260,-28;271,263,-33;272,263,-25;270,262,-28;270,261,-22;253,198,30;229,194,-30;282,173,-56;214,154,-30;283,139,15;187,115,32;278,135,22;182,109,38;296,120,-12;196,96,-3
260,274,-85;259,279,-75;260,279,-75;260,279,-75;258,279,-90;256,280,-90;255,280,-90;255,279,-21;249,280,-84;258,271,-64;256,271,-82;255,262,25;229,258,-89;258,240,13;251,230,-114;269,258,-51;269,254,-64;269,262,-60;274,260,-66;271,264,-61;272,263,-53;270,262,-55;270,261,-57;256,199,29;231,195,-29;284,173,-59;214,155,-45;290,139,25;187,115,21;285,134,32;183,110,26;306,120,-4;196,96,-23
266,274,-112;266,279,-100;266,279,-100;265,279,-100;264,279,-116;263,279,-116;261,280,-116;261,279,-40;255,280,-113;264,270,-89;262,270,-110;260,264,17;233,259,-125;273,258,86;251,233,-190;275,263,124;269,256,-216;276,266,132;275,262,-233;273,267,123;272,265,-228;273,265,121;270,263,-214;259,199,29;234,197,-29;285,174,-24;215,157,-73;297,138,67;187,116,-36;293,133,74;183,110,-35;318,122,36;196,97,-90
270,274,-115;270,279,-107;270,279,-107;271,279,-107;268,279,-121;267,279,-121;265,280,-121;266,279,-54;260,280,-115;268,270,-94;265,270,-112;267,267,-7;237,259,-121;286,268,-38;251,229,-149;286,266,-121;277,231,-138;287,266,-140;285,230,-152;283,267,-143;283,235,-152;283,266,-127;280,236,-136;263,200,27;237,198,-27;288,174,63;216,158,-71;305,138,173;188,117,-28;301,133,182;184,111,-27;323,122,144;196,98,-90
279,274,-171;278,279,-165;278,279,-165;277,279,-165;276,279,-180;275,279,-180;274,280,-180;272,280,-111;267,280,-181;276,270,-148;274,270,-168;278,270,-58;241,262,-186;304,272,-68;266,249,-263;335,275,-128;289,259,-298;345,277,-142;298,259,-324;345,277,-155;305,258,-317;341,275,-137;302,257,-297;267,201,29;241,200,-29;292,173,55;219,159,-102;308,138,189;190,118,-44;303,133,200;185,113,-42;326,122,154;196,99,-114
276,274,-147;276,279,-141;276,279,-141;276,279,-141;275,279,-155;273,279,-155;272,280,-155;272,280,-91;266,281,-159;274,270,-125;272,271,-145;277,271,-40;242,264,-170;307,273,-28;268,265,-252;344,278,-61;296,268,-286;353,279,-67;303,268,-309;355,280,-80;303,269,-302;350,274,-69;301,268,-285;267,201,29;241,201,-29;293,172,53;220,160,-99;309,138,178;191,119,-37;304,133,188;186,113,-33;327,122,150;196,98,-99
278,274,-178;278,279,-172;279,279,-172;279,279,-172;276,279,-181;275,279,-181;273,280,-181;277,279,-117;268,280,-162;276,271,-154;273,271,-167;286,270,-63;246,264,-159;320,274,-71;266,256,-232;354,280,-115;293,265,-280;364,282,-125;296,265,-302;365,283,-139;295,267,-297;362,281,-123;298,263,-280;271,201,26;245,201,-26;294,173,30;223,161,-103;309,137,137;194,119,-53;304,132,146;190,114,-51;327,122,106;196,99,-118
286,273,-163;286,277,-156;286,278,-156;287,278,-156;284,278,-168;283,278,-168;281,279,-168;282,279,-105;275,279,-160;284,271,-141;281,271,-157;291,269,-57;249,264,-159;318,271,-57;265,255,-228;355,278,-96;290,257,-271;365,280,-105;295,261,-292;366,282,-119;294,260,-287;362,280,-104;293,258,-271;275,200,25;249,201,-25;299,173,24;227,162,-102;310,136,134;198,123,-47;304,131,143;195,119,-44;328,121,100;198,102,-112
288,272,-151;288,276,-144;289,276,-144;289,276,-144;286,276,-155;284,276,-155;283,277,-155;286,277,-94;277,278,-144;286,269,-130;283,269,-144;292,267,-42;253,261,-155;312,270,-38;271,236,-206;346,268,-85;294,257,-235;353,267,-94;299,262,-255;353,268,-104;296,264,-250;350,268,-92;295,262,-234;278,200,23;252,200,-23;304,173,-10;230,164,-88;311,136,91;204,127,-37;306,131,99;201,122,-35;329,121,58;207,107,-96
286,271,-161;288,275,-155;288,275,-155;288,275,-155;285,275,-166;284,275,-166;282,276,-166;286,277,-107;277,277,-155;285,269,-140;282,268,-154;293,267,-56;253,260,-157;314,268,-69;272,231,-212;347,267,-134;297,255,-244;355,268,-147;303,261,-264;355,269,-157;300,263,-259;351,268,-142;298,261,-243;278,200,21;252,200,-21;305,173,-22;230,164,-85;311,136,90;205,127,-27;306,131,99;202,122,-24;329,121,59;209,107,-85
293,271,-106;294,275,-97;294,276,-97;294,276,-97;292,275,-109;291,276,-109;290,276,-109;291,277,-45;285,277,-99;290,269,-85;288,269,-101;296,264,-14;257,260,-118;315,263,-67;274,233,-167;320,262,-165;304,254,-150;319,262,-185;314,250,-164;313,263,-185;313,254,-158;313,263,-169;306,258,-147;281,200,23;255,200,-23;308,173,-61;235,165,-71;312,135,28;216,128,2;306,130,35;214,124,7;330,120,-6;220,109,-48
296,272,-109;297,276,-101;297,276,-101;297,277,-101;295,276,-115;293,277,-115;292,277,-115;293,277,-52;286,278,-112;294,269,-89;292,269,-107;295,263,-2;260,260,-126;295,240,47;278,231,-150;301,234,38;302,256,-126;304,231,38;309,259,-136;304,234,28;307,262,-133;302,235,33;303,262,-123;284,200,24;258,200,-24;310,172,13;240,164,-10;312,135,105;220,127,64;306,130,112;218,123,70;330,120,83;224,108,23
297,273,-77;297,277,-68;297,278,-68;297,278,-68;295,277,-83;294,278,-83;292,278,-83;293,278,-25;286,279,-90;294,270,-59;292,270,-78;293,263,21;261,260,-108;295,246,82;280,231,-121;303,237,94;303,257,-80;308,235,97;308,262,-87;305,247,90;306,264,-85;303,239,91;303,263,-77;284,200,26;259,199,-26;311,172,24;242,164,-7;312,135,112;220,127,66;305,130,119;218,122,72;330,120,92;225,108,29
297,273,-51;297,278,-45;297,278,-45;297,279,-45;295,278,-61;294,278,-61;293,278,-61;292,279,-6;287,279,-79;294,270,-35;292,270,-57;291,263,30;261,260,-98;296,248,39;281,232,-98;306,241,-1;304,258,-35;311,246,-3;309,262,-39;307,252,-15;306,264,-38;305,239,-7;303,263,-32;284,200,30;259,199,-30;311,172,18;243,163,0;311,135,95;221,126,81;305,130,101;217,122,88;329,120,79;225,107,48
297,274,-69;297,279,-61;297,279,-61;297,280,-61;296,279,-77;294,279,-77;293,279,-77;292,280,-14;287,280,-85;294,271,-51;292,271,-71;291,264,27;261,260,-104;301,249,32;282,232,-112;306,254,-17;304,258,-51;310,258,-24;309,263,-55;306,258,-29;305,265,-54;304,253,-21;303,263,-48;283,200,32;259,199,-32;311,172,10;244,162,-12;311,136,80;221,126,58;305,130,86;217,123,63;329,121,59;225,107,21
297,276,-71;296,281,-62;296,281,-62;296,281,-62;295,280,-77;294,281,-77;292,281,-77;292,282,-14;286,282,-82;294,273,-52;292,273,-72;293,264,27;261,260,-102;303,251,27;280,233,-114;305,260,-27;304,259,-56;309,265,-38;309,264,-61;305,265,-31;305,266,-59;303,261,-28;303,264,-53;284,201,32;260,199,-32;311,172,9;244,162,-14;311,136,87;220,126,52;305,130,94;216,123,57;329,121,60;225,107,12
297,277,-70;296,282,-61;296,282,-61;296,282,-61;295,282,-76;294,282,-76;292,283,-76;293,283,-14;287,283,-78;294,274,-52;292,274,-70;294,264,28;262,260,-99;300,250,39;279,233,-112;305,263,2;303,261,-57;310,266,-3;308,265,-61;306,267,-4;305,267,-59;304,264,0;303,265,-53;285,201,32;260,199,-32;311,173,16;244,162,-16;311,136,96;220,126,46;305,130,103;216,122,51;329,121,76;225,107,6
297,278,-78;297,282,-69;297,283,-69;297,283,-69;295,282,-82;294,283,-82;293,283,-82;293,283,-21;287,283,-82;295,275,-59;293,275,-77;294,264,23;263,261,-102;300,250,51;278,233,-122;305,265,38;303,261,-74;309,268,36;309,266,-80;306,269,33;305,268,-77;303,267,35;303,266,-71;285,201,32;260,199,-32;311,173,13;244,162,-17;311,136,91;220,126,43;305,130,98;217,122,48;329,121,69;225,107,2
297,278,-82;297,283,-73;297,283,-73;298,283,-73;295,284,-87;294,284,-87;292,284,-87;294,283,-19;287,284,-78;295,275,-63;292,276,-80;294,265,26;263,261,-98;305,256,0;281,233,-118;305,268,-84;305,261,-62;310,272,-98;310,265,-67;306,272,-93;307,267,-64;302,270,-86;304,265,-59;285,202,32;261,200,-32;311,173,-7;244,162,-22;311,136,70;220,126,39;305,130,77;217,122,43;329,120,45;225,106,-1
299,278,-65;299,283,-55;299,283,-55;299,284,-55;297,283,-70;296,284,-70;294,284,-70;295,284,-5;289,284,-70;297,275,-45;294,276,-64;295,266,32;264,261,-90;309,254,-1;280,234,-99;306,268,-93;306,261,-30;310,272,-109;312,265,-31;307,271,-104;308,267,-29;303,270,-96;305,265,-26;286,202,31;261,200,-31;311,173,-2;244,162,-23;311,136,78;220,126,33;305,130,85;217,122,36;330,120,54;225,106,-7
303,278,-58;302,283,-49;302,283,-49;302,284,-49;300,283,-65;299,284,-65;297,284,-65;297,284,-3;291,285,-72;300,276,-39;298,276,-60;296,267,34;266,263,-93;307,252,17;282,234,-101;306,268,-57;307,260,-33;310,271,-68;313,265,-35;308,271,-68;310,267,-33;304,269,-60;307,265,-29;287,202,31;262,201,-31;311,173,2;245,163,-23;311,136,85;221,126,35;305,130,92;217,122,39;330,120,63;226,106,-3
305,279,-44;303,284,-37;303,284,-37;303,284,-37;302,284,-53;301,284,-53;300,284,-53;298,285,-1;294,285,-72;302,276,-29;300,276,-50;297,267,38;268,263,-94;301,249,69;284,234,-91;307,265,51;309,260,-17;313,270,50;315,265,-18;310,270,46;312,267,-17;305,269,48;309,265,-14;287,202,31;263,201,-31;311,173,34;245,163,-15;311,136,117;221,126,45;305,130,124;217,122,50;330,120,98;226,106,8
304,279,-60;303,284,-52;303,284,-52;303,284,-52;301,284,-67;300,284,-68;299,284,-68;298,285,-9;293,285,-77;301,276,-43;299,276,-63;298,267,32;268,263,-97;304,255,50;285,234,-104;307,265,25;309,260,-43;313,269,21;315,265,-46;310,270,19;313,267,-44;305,269,22;310,265,-39;287,203,31;263,202,-31;311,173,21;246,163,-18;311,136,114;221,126,43;305,130,118;218,122,48;330,120,88;226,106,3
306,279,-42;305,284,-36;305,284,-36;304,284,-36;304,284,-53;303,284,-53;302,284,-53;299,285,0;295,285,-77;303,276,-27;302,276,-50;297,267,39;270,263,-98;302,250,62;289,236,-91;310,264,26;311,259,-9;316,268,21;317,265,-10;311,270,17;314,267,-9;308,268,22;311,265,-6;287,203,34;264,202,-34;311,173,33;246,163,-10;311,136,109;221,127,57;305,129,115;218,123,63;330,120,87;225,106,22
307,279,-43;307,283,-36;306,284,-36;306,284,-37;305,283,-54;304,284,-54;303,284,-54;301,285,-1;296,285,-79;305,276,-28;303,276,-51;297,267,39;271,263,-99;303,245,61;291,234,-96;315,262,21;314,257,-29;318,268,16;318,265,-32;314,270,13;314,267,-31;312,267,18;312,264,-26;287,202,35;264,202,-35;312,173,27;246,163,-10;311,136,104;221,128,57;305,129,110;218,124,62;330,120,82;225,107,21
308,278,-49;307,283,-42;307,283,-42;307,284,-42;306,283,-58;305,284,-58;303,284,-58;302,285,-3;297,285,-79;305,276,-33;303,276,-55;297,266,38;271,263,-98;306,242,51;288,233,-96;317,261,-5;312,251,-35;319,268,-14;317,259,-38;315,270,-14;314,262,-37;314,267,-8;311,259,-32;287,202,36;264,201,-36;312,173,39;246,163,-13;311,136,122;221,128,52;305,128,129;217,125,56;330,120,102;225,107,18
