287,256,0;287,259,-12;287,259,-12;288,260,-12;287,259,1;288,260,1;288,260,1;292,261,-44;293,261,20;291,254,-8;291,254,9;302,248,-73;312,247,61;290,222,-103;308,219,116;280,244,-81;301,215,148;278,248,-89;300,216,159;281,250,-81;299,218,151;282,249,-76;299,218,146;300,185,-45;314,184,45;281,147,-9;316,146,111;282,103,22;321,109,173;288,94,26;326,101,180;264,93,17;308,108,178
287,256,0;287,259,-12;287,259,-12;287,260,-12;287,259,1;287,259,1;287,260,1;292,261,-43;292,261,20;290,254,-8;290,254,9;302,248,-72;312,247,58;290,222,-103;308,218,101;279,244,-84;300,210,116;277,248,-93;299,208,124;280,250,-86;298,210,116;281,249,-81;298,211,113;300,185,-43;314,184,43;278,147,-32;316,146,75;282,103,-17;321,109,99;287,95,-15;326,100,101;265,93,-23;308,105,96
286,256,-3;286,259,-14;287,259,-14;287,260,-14;286,259,0;286,259,0;286,260,0;292,261,-42;291,261,20;289,254,-10;289,253,8;301,248,-67;311,247,59;290,222,-113;308,216,106;278,244,-128;301,204,125;276,248,-140;300,201,134;278,250,-132;299,203,124;280,249,-124;298,204,122;299,185,-43;314,184,43;275,148,-41;315,146,73;280,103,-28;322,108,95;286,95,-27;326,100,97;264,93,-35;308,100,90
285,255,-11;285,259,-21;286,259,-21;286,259,-21;285,259,-7;285,259,-7;285,259,-7;291,261,-43;290,261,19;289,253,-16;288,253,1;301,248,-68;310,247,60;289,222,-119;308,213,108;277,244,-135;301,200,119;275,248,-148;300,197,127;277,250,-141;298,199,116;279,249,-132;298,200,115;299,185,-44;313,184,44;273,149,-45;315,146,74;278,103,-32;322,108,98;284,95,-30;325,100,100;263,92,-39;308,102,93
284,255,-13;284,258,-23;285,259,-23;285,259,-23;284,258,-9;284,258,-9;284,259,-9;290,261,-44;290,260,18;288,253,-18;287,252,0;300,247,-68;309,247,60;289,222,-114;306,212,97;277,243,-113;298,199,91;274,248,-124;297,197,96;277,250,-117;295,199,85;278,248,-109;295,200,86;299,185,-44;312,184,44;272,149,-41;314,146,76;274,103,-23;322,107,105;280,95,-21;325,100,108;257,92,-31;308,102,100
283,254,-15;283,258,-25;283,258,-25;284,259,-25;283,258,-11;283,258,-11;283,258,-11;289,260,-46;288,260,16;286,252,-21;286,252,-2;300,247,-71;307,247,60;289,221,-113;302,212,89;277,243,-111;294,202,75;274,247,-118;293,200,78;277,250,-110;291,202,67;278,248,-105;291,203,70;299,184,-44;311,184,44;271,149,-40;314,146,76;270,102,-24;322,107,107;273,94,-23;325,100,110;253,92,-36;309,103,101
281,254,-17;281,257,-27;281,258,-27;282,258,-27;280,257,-12;280,257,-12;281,258,-12;287,260,-49;286,259,16;284,252,-23;284,251,-4;299,246,-74;303,246,60;287,221,-107;297,215,86;276,243,-89;292,202,70;273,247,-100;291,200,73;276,250,-94;290,203,63;278,248,-86;290,205,65;298,184,-44;308,183,44;270,148,-41;313,146,81;264,102,-28;322,107,117;268,94,-26;325,100,120;245,91,-42;309,103,113
278,253,-14;278,257,-25;278,258,-25;279,258,-25;277,257,-10;278,257,-10;278,257,-10;285,260,-48;283,259,16;282,252,-21;282,251,-2;298,246,-75;300,245,60;285,221,-98;295,216,82;275,243,-66;291,200,66;272,247,-76;290,197,69;276,250,-71;289,200,59;277,248,-63;289,201,61;298,184,-43;307,183,43;269,148,-37;312,146,80;260,102,-19;322,107,116;264,93,-17;325,100,119;242,90,-31;309,103,113
275,253,-13;274,257,-24;275,258,-24;276,258,-24;274,257,-9;275,257,-9;275,257,-9;281,260,-48;281,259,16;280,252,-20;279,251,-1;294,246,-75;298,245,60;281,222,-96;297,213,86;272,244,-61;288,201,74;270,248,-70;286,198,78;273,251,-65;285,200,67;275,249,-57;285,202,69;295,183,-43;305,183,43;268,146,-35;311,146,81;259,101,-18;322,108,117;263,93,-16;325,100,120;242,90,-30;310,104,115
272,255,-24;272,259,-32;272,259,-32;273,259,-32;271,258,-18;271,259,-18;271,259,-18;277,261,-47;275,260,16;276,253,-25;275,252,-8;289,246,-67;295,247,63;276,225,-116;298,213,92;266,247,-138;290,199,86;265,251,-153;289,195,88;269,253,-145;287,196,81;270,252,-136;287,198,82;292,184,-43;303,184,43;266,146,-45;310,147,73;258,101,-38;322,108,97;262,92,-38;325,100,99;240,91,-51;310,104,94
266,255,-19;266,259,-30;267,260,-30;267,260,-30;266,259,-14;266,259,-14;266,259,-14;271,261,-39;270,260,18;269,253,-25;269,253,-5;281,247,-62;291,247,67;269,232,-115;293,214,113;259,250,-130;284,198,133;258,253,-143;282,193,144;260,254,-137;281,194,133;261,253,-127;281,196,129;286,185,-42;300,185,42;263,146,-40;309,148,58;256,100,-30;321,108,67;260,92,-29;324,101,68;239,92,-41;308,105,60
261,256,66;261,261,51;261,261,51;261,261,51;262,261,62;263,261,62;263,262,62;264,262,3;267,262,53;263,254,51;264,254,66;270,247,-37;292,248,66;253,247,-104;295,218,103;247,253,-129;283,199,124;246,254,-143;281,193,132;249,255,-138;278,193,122;249,255,-128;279,195,120;280,185,-36;297,186,36;260,147,-40;306,148,65;254,100,-35;319,109,79;257,92,-35;321,101,81;237,92,-51;306,107,71
256,256,76;255,261,61;255,261,61;254,261,61;257,261,70;257,261,70;258,262,70;258,262,10;261,262,55;258,254,61;259,254,74;262,247,-28;289,248,63;239,252,-60;294,224,103;237,253,-41;280,205,146;236,254,-48;277,200,156;237,255,-45;276,198,148;238,254,-40;276,199,144;275,186,-31;294,188,31;257,147,-30;304,149,62;252,100,-29;317,109,72;255,92,-28;319,102,74;235,93,-42;305,108,67
251,256,58;250,261,42;250,261,42;250,261,42;250,261,53;251,261,53;251,262,53;253,262,-5;256,262,43;253,254,43;253,254,57;257,248,-42;286,249,51;228,255,-76;293,228,102;200,254,-50;279,210,155;194,254,-57;275,203,167;194,254,-52;273,202,160;197,254,-48;274,205,153;273,186,-30;293,189,30;255,147,-22;302,150,63;250,100,-18;315,110,94;254,92,-17;317,102,99;233,93,-31;303,109,89
248,256,62;247,261,46;246,261,46;246,261,46;248,261,57;249,261,57;250,261,57;249,262,-5;253,262,45;249,254,45;251,254,60;252,249,-42;284,250,52;223,254,-67;287,226,104;194,254,-24;276,211,163;186,253,-29;271,206,178;186,254,-22;268,205,170;188,253,-21;269,208,162;271,187,-27;291,189,27;253,146,-18;301,150,66;249,100,-13;314,110,92;253,92,-11;317,102,96;234,92,-23;302,108,88
244,255,54;243,259,39;242,260,39;242,260,39;244,260,52;245,260,52;246,261,52;246,261,-8;249,262,48;246,253,39;248,253,56;251,249,-45;283,249,55;220,254,-78;285,226,114;188,254,-47;273,212,176;182,253,-54;270,208,192;181,254,-46;267,208,183;184,253,-43;268,209,174;270,187,-28;290,189,28;252,145,-17;301,149,68;248,100,-10;313,110,93;252,92,-8;317,102,97;233,91,-19;301,108,87
243,255,60;242,259,46;242,259,45;242,259,45;243,259,58;244,260,58;244,260,58;245,261,-2;248,262,55;246,253,45;247,253,62;251,249,-40;282,249,64;218,254,-73;284,227,125;185,253,-34;274,213,193;179,253,-40;271,209,210;179,254,-31;267,209,202;181,253,-30;268,210,191;270,187,-28;290,189,27;252,144,-17;301,149,60;247,100,-9;313,109,74;252,92,-7;317,102,77;233,91,-16;301,108,67
242,254,73;241,258,59;241,259,59;241,259,59;242,259,71;243,259,71;243,260,71;245,260,9;248,261,66;245,252,57;246,252,74;251,250,-29;281,249,73;218,254,-59;285,228,136;187,254,-17;271,216,208;180,253,-21;267,213,225;180,254,-13;264,213,218;183,253,-13;265,214,207;269,187,-27;289,189,27;251,144,-18;300,149,53;247,99,-11;313,108,60;252,91,-9;317,101,61;232,90,-18;300,107,53
242,254,68;242,258,53;242,258,53;242,258,53;243,258,66;244,259,66;244,259,65;246,260,2;249,261,60;245,252,52;246,252,69;252,250,-35;281,249,69;219,253,-69;285,229,126;188,253,-35;273,217,187;181,252,-41;270,215,202;181,252,-32;266,215,194;185,252,-31;267,216,185;269,186,-27;289,188,27;252,143,-17;300,148,59;247,96,-9;313,107,74;252,89,-7;317,100,77;232,89,-17;301,106,68
245,254,61;244,258,45;244,258,45;244,258,45;245,258,58;246,258,58;247,259,58;249,259,-2;251,260,56;247,251,45;248,252,62;255,250,-40;282,249,66;225,251,-115;290,229,106;196,252,-137;283,208,139;189,249,-153;282,202,149;189,249,-141;279,202,138;191,250,-134;279,204,135;270,184,-28;289,187,28;253,143,-17;301,147,65;249,94,-5;314,106,86;253,87,-4;317,98,89;232,88,-19;302,105,70
247,254,68;247,257,52;247,257,52;247,258,52;247,258,65;248,258,65;249,258,65;251,259,1;253,260,61;250,251,51;251,252,69;257,250,-40;283,249,71;229,246,-79;292,226,122;202,250,-47;283,207,174;196,248,-53;281,203,187;196,249,-46;278,203,179;199,249,-43;279,204,172;271,183,-28;290,185,28;253,142,-18;301,145,48;249,94,-8;314,104,49;254,86,-6;318,96,50;235,88,-17;306,102,38
252,254,74;251,257,59;251,258,59;251,258,59;252,258,71;253,258,71;253,258,71;254,259,8;258,260,62;254,251,59;256,252,74;258,248,-29;287,248,73;230,239,-18;292,222,128;218,249,53;278,208,177;215,248,54;275,203,189;217,250,55;273,203,182;218,249,56;274,205,176;272,181,-29;293,183,29;254,141,-25;303,142,42;250,92,-16;316,102,37;254,85,-14;319,93,37;237,86,-19;312,98,28
260,254,66;258,258,57;258,258,57;257,258,57;260,258,70;260,258,70;261,259,70;259,259,-5;264,260,48;261,252,54;263,252,72;266,248,-40;292,248,68;245,234,-35;291,222,127;234,248,35;275,220,188;230,250,35;273,220,202;234,251,37;271,222,197;235,251,38;272,221,188;277,180,-29;297,182,29;259,140,-25;307,140,47;253,92,-16;320,100,45;255,84,-14;322,90,46;240,85,-15;314,96,39
265,254,48;263,258,33;263,258,33;263,258,33;264,258,47;265,258,47;265,259,47;265,259,-14;268,260,43;267,252,34;268,252,52;274,248,-47;295,247,69;259,227,-50;290,222,124;247,246,4;271,231,183;245,249,2;267,236,197;247,251,6;265,237,191;249,250,8;266,237,184;282,179,-31;301,180,31;262,138,-21;310,139,45;256,91,-9;323,98,41;257,84,-7;324,88,41;242,84,-11;316,95,32
268,254,31;266,258,16;266,258,16;266,258,16;267,258,29;268,258,29;268,259,29;268,259,-29;271,260,30;270,252,18;271,253,35;279,246,-60;299,248,62;266,221,-58;292,222,110;259,244,-11;272,230,148;259,248,-15;269,234,159;263,250,-9;267,235,153;263,248,-7;267,233,146;286,179,-33;304,180,33;265,136,-11;312,137,49;257,90,14;325,97,52;258,82,17;327,86,51;243,83,13;317,93,39
272,254,15;270,258,0;270,258,0;270,258,0;271,258,13;271,258,13;272,259,13;273,259,-40;275,260,19;274,252,3;275,253,20;283,245,-67;301,248,58;273,216,-69;293,224,111;265,243,-16;273,237,155;264,247,-19;270,243,167;267,249,-18;268,244,159;268,247,-13;272,243,153;290,178,-35;307,179,35;268,135,-8;315,137,57;259,88,17;328,96,78;260,81,20;331,86,80;245,81,11;318,93,68
278,254,7;276,257,-6;276,258,-6;275,258,-6;277,258,7;277,258,7;277,259,7;278,259,-43;280,259,19;280,252,-3;281,253,14;291,244,-70;307,247,60;280,214,-88;300,222,112;270,241,-58;284,234,148;268,246,-66;283,239,159;271,247,-60;280,240,153;273,246,-55;282,241,146;296,177,-36;312,178,36;272,135,-8;319,135,55;262,88,22;332,94,78;262,81,25;334,83,78;248,81,15;320,90,57
281,253,-1;280,257,-14;280,257,-14;280,257,-14;280,257,0;281,258,0;281,258,0;284,259,-48;285,259,17;284,252,-11;285,252,7;296,243,-75;310,247,60;284,214,-93;301,222,115;274,240,-61;286,237,148;273,245,-69;284,243,159;276,246,-64;281,245,152;278,245,-58;285,242,146;301,176,-40;317,177,40;276,134,-10;321,134,57;264,87,24;334,92,80;264,81,27;337,83,81;251,80,18;322,86,65
284,252,3;284,256,-9;284,256,-9;284,256,-9;284,256,5;284,256,5;285,257,5;288,258,-46;289,258,20;288,250,-7;288,250,11;299,241,-76;315,244,60;287,212,-114;313,213,110;279,238,-114;302,222,140;278,243,-127;301,227,150;282,245,-119;298,230,143;283,244,-110;298,227,137;305,173,-40;321,174,40;280,132,1;325,131,78;266,84,48;334,89,117;267,76,53;337,80,120;253,79,45;324,83,107
287,250,6;286,254,-6;287,255,-6;287,255,-6;287,255,8;287,255,8;288,255,8;292,256,-41;293,257,24;291,248,-3;291,248,15;303,240,-75;318,242,60;290,213,-126;321,207,97;282,238,-142;314,194,102;281,243,-159;314,191,109;285,245,-149;311,193,98;287,243,-139;310,194,98;309,171,-42;325,172,42;283,131,0;329,128,89;271,83,48;336,85,134;273,76,53;338,78,139;257,79,44;328,78,126
