278,285,-43;278,290,-33;279,290,-33;279,290,-33;276,290,-49;275,291,-49;273,292,-49;273,290,17;265,293,-54;275,280,-22;273,281,-43;270,268,52;239,270,-76;276,241,-1;255,237,-88;285,255,-132;280,258,-29;289,259,-154;288,263,-31;287,263,-150;285,268,-29;284,261,-135;281,265,-25;265,197,31;239,196,-31;298,172,-101;221,152,-17;298,121,-46;207,111,96;291,112,-42;208,107,105;321,105,-91;203,92,58
278,285,-66;278,289,-55;278,289,-55;279,289,-55;276,290,-69;274,291,-69;273,292,-69;274,290,8;265,293,-57;275,280,-41;273,281,-60;272,268,51;239,270,-76;286,255,4;254,239,-157;290,258,-111;272,252,-202;292,260,-132;280,255,-221;289,261,-134;280,261,-217;287,261,-116;277,259,-200;265,198,30;239,196,-30;298,171,-129;221,152,-14;298,121,-92;207,111,96;291,112,-91;208,106,104;320,105,-150;203,93,50
278,285,-81;278,290,-68;278,290,-68;279,290,-68;276,291,-83;274,291,-83;272,292,-83;274,290,-2;265,293,-68;276,280,-55;273,281,-74;274,268,40;240,270,-83;290,255,-2;253,240,-178;294,260,-116;271,253,-233;296,262,-136;279,257,-253;294,263,-138;279,262,-248;292,262,-121;276,259,-231;268,198,29;241,196,-29;301,171,-126;221,151,-19;299,122,-85;207,111,96;292,114,-82;209,106,105;320,105,-123;203,93,50
278,285,-108;279,290,-95;280,290,-95;280,290,-95;277,291,-109;275,292,-109;273,292,-109;277,290,-23;265,293,-87;277,280,-79;273,282,-98;278,269,23;240,271,-91;302,257,-28;253,241,-187;314,272,-151;272,256,-255;317,277,-175;280,260,-278;315,279,-177;280,264,-272;313,277,-156;279,262,-253;272,198,26;244,196,-26;306,171,-119;221,151,-19;310,123,-33;207,111,99;303,115,-25;209,106,108;331,106,-78;203,93,50
280,285,-119;281,290,-107;282,290,-107;283,290,-107;278,291,-120;276,292,-120;274,292,-120;279,290,-33;267,293,-93;279,280,-90;275,282,-108;283,271,11;242,271,-94;308,261,-57;253,241,-212;324,275,-199;270,256,-315;329,278,-227;278,259,-344;326,280,-232;279,263,-338;324,278,-206;277,262,-315;276,199,25;247,197,-25;310,170,-116;222,151,-35;319,123,-11;207,111,84;311,115,-2;209,105,93;339,107,-59;203,93,26
282,285,-125;284,290,-114;284,290,-114;285,289,-114;280,291,-125;278,292,-125;276,292,-125;282,290,-45;269,293,-94;282,280,-97;278,282,-112;289,272,0;246,271,-91;314,265,-58;254,241,-202;335,276,-189;271,256,-310;344,280,-215;278,258,-339;343,282,-224;279,263,-333;339,281,-198;277,262,-310;280,199,19;250,197,-19;313,168,-106;223,151,-48;324,123,8;207,111,62;317,115,17;209,105,71;343,106,-40;203,93,4
285,285,-125;286,289,-113;287,289,-113;287,289,-113;283,290,-125;281,291,-125;279,292,-126;284,290,-45;272,292,-100;285,280,-99;281,281,-115;293,272,3;248,270,-102;323,268,-18;254,239,-213;352,280,-93;271,255,-317;363,282,-110;278,258,-347;362,285,-125;280,263,-340;359,284,-103;278,262,-317;283,197,20;253,196,-20;316,166,-98;223,151,-64;327,122,28;207,111,58;320,115,38;209,105,67;344,106,-18;202,93,2
285,285,-107;286,289,-95;287,289,-95;288,289,-95;283,290,-107;281,291,-107;279,292,-107;285,289,-29;273,292,-83;285,280,-81;281,281,-97;293,272,15;249,269,-82;322,268,-13;254,238,-193;349,279,-106;272,253,-302;361,282,-126;279,255,-330;362,284,-137;280,260,-324;358,283,-116;278,260,-302;283,196,19;253,195,-19;316,165,-100;223,151,-61;327,122,10;207,110,40;321,115,18;209,105,48;345,105,-38;202,93,-18
291,281,-160;292,286,-147;293,286,-147;294,286,-147;288,286,-158;287,287,-158;285,287,-158;291,285,-78;278,287,-125;290,276,-132;286,276,-146;299,269,-23;255,264,-120;340,272,-23;261,231,-221;374,280,-84;284,252,-318;388,282,-97;293,256,-345;389,283,-112;292,260,-337;385,282,-94;289,259,-317;289,194,18;260,193,-18;322,165,-122;227,151,-72;326,121,1;208,110,38;321,114,11;210,104,46;345,105,-46;203,93,-19
296,277,-174;298,281,-161;299,281,-161;300,281,-161;294,282,-172;293,282,-172;290,282,-172;298,280,-91;284,283,-140;296,272,-147;292,272,-162;305,264,-36;260,258,-137;346,269,-34;267,225,-233;380,277,-91;293,246,-322;394,280,-103;302,251,-347;394,282,-118;301,254,-339;390,281,-100;297,253,-320;293,190,19;263,189,-19;327,164,-134;229,149,-73;326,121,0;208,110,44;321,114,9;210,104,53;345,105,-45;203,93,-8
298,274,-178;300,279,-165;301,279,-165;301,279,-165;296,279,-175;294,280,-175;292,280,-175;300,278,-93;286,281,-139;298,269,-150;294,269,-163;307,261,-36;262,257,-135;346,267,-34;270,224,-232;382,277,-92;297,243,-323;394,276,-104;305,248,-350;396,277,-119;303,251,-342;391,277,-101;301,250,-322;294,188,18;263,188,-18;329,162,-135;228,148,-87;326,120,8;208,110,38;320,113,21;210,104,48;344,105,-34;203,93,-15
299,273,-178;301,277,-165;302,277,-165;303,277,-165;297,278,-174;295,279,-174;292,279,-174;301,276,-93;287,279,-136;299,268,-150;294,268,-163;308,259,-36;263,256,-134;346,266,-37;270,223,-230;383,273,-94;297,241,-319;396,271,-106;305,246,-346;398,273,-121;304,249,-338;392,273,-103;302,248,-318;293,187,19;263,187,-19;329,162,-131;228,148,-92;326,120,12;208,110,30;320,113,24;210,104,39;344,105,-29;203,93,-23
300,272,-190;302,277,-178;303,277,-178;304,276,-178;297,277,-187;295,278,-187;293,278,-187;302,276,-107;288,278,-150;300,266,-162;295,267,-175;308,259,-49;263,255,-146;347,266,-52;270,222,-240;385,271,-98;298,239,-326;398,270,-115;307,243,-352;399,271,-130;306,247,-345;394,271,-111;304,245,-325;293,187,19;263,187,-19;330,161,-127;228,147,-94;326,120,22;208,110,26;320,113,34;210,104,35;344,104,-16;203,93,-27
300,270,-188;302,275,-177;303,275,-177;304,275,-177;298,276,-186;296,276,-186;294,277,-186;301,274,-106;288,277,-148;300,265,-161;295,266,-173;307,258,-48;263,255,-145;347,265,-52;270,222,-239;385,270,-101;298,238,-325;397,269,-119;307,242,-352;398,271,-131;307,246,-345;394,271,-112;304,244,-324;293,187,19;262,187,-19;330,161,-120;228,147,-96;326,120,29;208,110,25;320,113,41;210,104,34;345,104,-8;203,92,-29
299,270,-177;301,275,-165;302,275,-165;303,275,-165;296,276,-174;294,276,-174;292,277,-174;301,274,-94;286,278,-135;299,265,-149;294,266,-160;307,258,-36;263,255,-134;345,263,-49;269,223,-229;380,269,-91;296,238,-322;393,269,-104;304,242,-349;394,271,-119;304,246,-343;390,270,-101;301,244,-322;292,187,19;261,187,-19;328,161,-119;228,147,-100;326,120,25;209,110,19;320,113,37;210,104,29;345,104,-12;203,92,-36
298,270,-154;299,275,-142;300,275,-142;301,275,-142;295,276,-150;293,276,-150;291,277,-150;299,274,-73;285,278,-109;297,266,-127;293,266,-137;305,258,-19;261,256,-109;343,261,-14;269,222,-210;374,269,-62;294,240,-309;387,270,-73;301,244,-335;388,271,-87;300,248,-329;384,271,-71;297,246,-309;291,188,19;261,187,-19;327,162,-119;228,147,-89;326,120,18;209,110,23;320,113,29;210,104,32;344,104,-22;203,92,-32
296,271,-129;297,276,-116;298,276,-116;299,276,-116;294,277,-126;292,277,-126;290,278,-126;298,275,-49;284,278,-91;296,266,-104;291,267,-116;305,259,-4;261,256,-97;342,259,0;268,223,-205;369,268,-45;291,240,-306;381,270,-57;296,245,-333;381,271,-68;296,249,-326;377,271,-53;293,247,-306;291,188,18;261,187,-18;327,162,-120;228,147,-85;326,120,17;209,110,28;320,112,28;210,104,37;344,104,-24;203,92,-27
290,272,-126;292,276,-113;293,276,-113;294,276,-113;288,277,-121;286,277,-121;284,278,-121;294,275,-44;279,279,-80;290,267,-100;285,268,-111;301,259,0;258,256,-88;332,258,-7;265,223,-206;357,268,-86;284,241,-317;369,270,-104;291,245,-345;369,271,-110;290,249,-337;364,271,-93;288,248,-316;289,188,17;259,187,-17;323,163,-123;227,147,-88;326,120,9;209,110,26;320,112,20;210,104,34;344,104,-32;203,92,-30
286,275,-127;288,279,-114;289,279,-114;290,279,-114;284,280,-122;282,280,-122;280,281,-122;290,278,-42;275,281,-80;286,270,-100;281,270,-111;296,259,3;253,257,-85;326,257,-20;261,224,-202;350,267,-116;280,242,-313;360,270,-135;288,245,-341;359,271,-142;288,250,-333;355,271,-123;285,249,-313;286,189,17;256,188,-17;319,164,-125;227,147,-86;326,120,3;209,110,27;320,112,13;210,104,34;344,104,-40;204,92,-27
282,279,-133;283,284,-118;285,284,-118;286,284,-118;279,284,-130;277,285,-130;275,285,-130;285,282,-51;270,284,-85;283,273,-107;277,274,-118;293,261,-7;249,260,-83;318,255,-88;256,228,-202;338,266,-219;276,244,-320;348,269,-247;284,247,-349;344,271,-250;285,252,-340;339,269,-226;282,251,-319;283,191,14;253,189,-14;315,164,-124;226,148,-66;326,120,-4;209,110,49;320,112,4;210,104,57;344,104,-54;204,92,-11
278,282,-135;279,287,-122;280,288,-122;281,288,-122;275,287,-131;273,288,-131;271,288,-131;280,287,-53;266,287,-86;279,277,-108;273,277,-117;289,265,-7;245,264,-83;311,254,-88;252,232,-196;328,264,-222;275,248,-308;336,267,-250;283,251,-337;331,270,-252;284,257,-328;328,268,-227;281,256,-306;279,193,14;251,192,-14;311,165,-101;226,150,-71;326,120,-1;209,110,31;320,112,6;211,104,38;344,104,-50;204,93,-31
274,286,-130;275,291,-118;276,291,-118;277,291,-118;271,291,-126;269,291,-126;267,291,-126;276,291,-50;262,290,-83;275,281,-103;270,281,-113;286,268,-2;241,267,-78;304,252,-66;249,234,-175;318,262,-190;273,251,-272;323,266,-216;280,255,-298;320,269,-217;281,261,-290;317,267,-195;278,259,-270;277,196,15;248,194,-15;308,165,-68;224,151,-72;324,121,31;209,110,19;319,113,38;211,104,26;343,105,-15;204,93,-42
270,289,-93;271,294,-81;272,294,-81;273,294,-81;267,294,-89;265,294,-89;263,294,-89;272,294,-14;259,293,-52;271,284,-67;266,284,-78;281,270,26;240,269,-53;302,252,-37;246,236,-146;310,262,-163;271,254,-225;311,265,-185;279,257,-247;308,268,-192;281,263,-238;306,267,-169;277,260,-222;275,198,14;247,195,-14;305,166,-116;223,151,-45;319,122,-28;209,110,49;314,113,-21;211,104,55;338,106,-80;204,93,-9
266,293,-90;267,298,-77;268,299,-77;269,299,-77;262,298,-85;260,297,-85;258,297,-85;269,297,-10;254,295,-44;268,288,-64;263,287,-74;278,270,35;238,270,-46;295,250,-26;244,236,-125;303,262,-157;268,254,-189;304,265,-178;276,257,-208;302,268,-176;276,263,-200;300,267,-162;273,260,-187;274,199,15;246,197,-15;302,167,-117;223,152,-37;311,122,-36;209,110,54;306,113,-30;211,104,60;330,106,-90;204,93,-3
264,294,-83;264,300,-71;265,300,-71;266,300,-71;260,299,-79;258,299,-79;256,298,-79;266,298,-5;252,296,-38;266,289,-58;261,288,-67;274,272,35;237,272,-39;292,251,-30;243,238,-122;297,261,-158;270,253,-190;298,263,-182;277,256,-209;295,267,-180;277,262,-202;294,265,-162;275,260,-188;272,200,14;245,197,-14;300,167,-117;223,152,-31;304,122,-36;209,110,58;298,113,-30;211,104,64;320,106,-90;204,93,2
262,295,-87;263,300,-75;264,301,-75;265,301,-75;258,299,-81;256,299,-81;254,299,-81;265,299,-8;250,296,-36;265,290,-61;260,289,-69;274,273,29;236,272,-36;294,255,-37;243,238,-120;294,260,-173;269,253,-197;297,259,-198;276,255,-219;291,263,-197;277,260,-212;290,262,-176;274,259,-195;271,201,12;244,198,-12;296,167,-122;223,152,-26;297,122,-32;209,110,75;291,113,-25;211,104,82;312,105,-87;204,93,19
261,296,-89;261,301,-77;263,302,-77;264,302,-77;257,300,-84;255,300,-84;253,299,-84;264,300,-10;248,297,-39;263,290,-63;258,289,-72;273,273,32;235,272,-45;294,258,-34;243,238,-118;292,261,-164;270,253,-162;295,259,-187;278,255,-179;289,262,-194;278,260,-173;288,262,-169;276,259,-160;270,200,13;243,198,-12;292,167,-117;223,152,-20;294,121,-36;209,110,74;288,113,-31;211,104,81;311,105,-92;204,93,19
261,296,-93;261,301,-81;262,301,-81;264,302,-81;257,300,-87;254,300,-87;252,300,-87;264,300,-12;247,297,-41;263,290,-67;258,290,-75;272,273,32;234,272,-45;295,259,-32;242,238,-112;292,260,-158;270,252,-155;294,259,-181;278,252,-172;288,262,-178;278,255,-167;287,262,-160;276,256,-153;269,200,13;242,198,-13;289,166,-109;223,153,-14;294,120,-35;209,110,79;288,113,-30;211,104,85;311,105,-91;204,93,25
260,295,-96;261,301,-83;262,301,-83;264,301,-83;257,300,-90;254,300,-90;252,300,-90;264,300,-14;247,298,-42;262,290,-69;257,290,-77;272,274,33;234,272,-46;294,260,-27;241,238,-107;292,260,-150;269,250,-147;294,259,-172;278,249,-163;289,262,-169;279,252,-159;288,262,-152;276,253,-145;269,200,13;241,198,-13;289,165,-109;222,153,-22;294,120,-33;208,110,73;288,113,-28;211,104,79;311,105,-88;204,93,19
261,295,-96;261,301,-84;263,301,-84;264,301,-84;257,300,-90;255,300,-90;252,300,-90;264,300,-14;247,298,-43;263,290,-70;257,290,-78;272,274,33;233,272,-47;294,260,-26;240,238,-108;292,261,-147;269,249,-147;294,260,-170;278,248,-163;289,262,-167;279,251,-158;288,262,-149;276,252,-144;269,200,13;241,199,-13;289,164,-107;221,153,-20;294,120,-31;208,110,73;288,113,-26;211,104,79;311,105,-86;204,93,19
