290,262,8;289,266,-4;289,266,-4;289,266,-4;290,266,9;290,267,9;291,267,9;293,267,-38;295,268,24;292,261,-1;293,261,17;303,254,-67;313,257,66;291,228,-63;311,232,136;280,251,6;299,241,186;278,255,6;298,245,201;281,257,9;298,247,195;282,256,10;297,245,185;303,192,-44;316,192,44;284,155,-25;318,154,87;285,111,-5;323,116,125;292,103,-2;325,110,129;268,102,-5;314,113,128
290,262,0;289,266,-11;289,266,-11;289,266,-11;290,266,3;290,266,3;290,267,3;293,267,-41;295,268,21;292,261,-7;293,261,10;303,253,-68;314,256,63;292,228,-81;305,231,114;281,251,-40;294,243,140;279,254,-44;291,249,150;282,256,-40;291,251,144;283,255,-37;292,249,138;303,192,-42;316,192,42;284,155,-31;318,154,70;285,111,-15;323,116,95;291,103,-13;326,109,98;268,102,-21;311,113,91
289,262,0;289,266,-12;289,266,-12;289,266,-12;289,266,1;289,266,1;290,266,1;293,267,-43;294,267,19;292,261,-9;293,260,8;303,253,-70;315,255,60;292,228,-79;305,227,103;281,251,-26;293,238,122;279,254,-29;291,243,130;282,257,-25;290,245,124;283,255,-22;291,243,119;303,192,-41;317,192,41;284,155,-32;318,154,63;285,111,-15;324,116,82;290,103,-14;327,108,84;268,102,-21;310,112,77
289,262,0;289,266,-11;289,266,-11;289,266,-11;289,266,2;289,266,2;290,266,2;293,267,-42;294,267,20;292,260,-8;292,260,9;303,253,-70;315,255,61;292,229,-77;304,227,106;281,251,-23;292,239,128;279,254,-26;291,241,137;282,257,-21;290,246,132;283,255,-19;290,246,126;303,192,-41;317,192,41;284,155,-33;318,154,58;285,111,-17;324,115,73;290,103,-16;327,108,74;269,102,-22;309,112,67
289,262,0;289,266,-12;289,266,-12;289,266,-12;289,266,1;289,266,1;289,266,1;293,268,-42;294,267,20;292,260,-9;292,260,9;303,253,-70;315,255,61;291,229,-82;304,226,107;281,251,-40;293,234,127;279,254,-44;292,237,136;282,257,-39;291,239,129;283,255,-36;291,244,124;303,192,-41;317,192,41;284,154,-34;318,154,58;285,111,-18;325,115,74;289,103,-16;327,108,75;269,102,-24;309,112,68
288,262,-2;289,266,-13;289,266,-13;289,267,-13;289,266,0;289,266,0;289,266,0;293,268,-42;294,268,20;291,261,-10;292,260,8;303,253,-70;314,255,63;291,229,-83;304,226,111;280,251,-43;293,232,132;278,255,-47;292,234,141;281,257,-43;291,236,135;282,255,-39;291,236,130;302,192,-41;316,192,41;283,154,-36;318,154,58;285,111,-20;325,115,73;289,103,-18;327,108,74;269,102,-26;309,112,66
288,263,-1;288,266,-12;289,266,-12;289,267,-12;288,266,1;289,266,1;289,266,1;293,268,-40;294,268,21;291,261,-9;291,260,8;302,254,-67;314,255,64;290,229,-83;304,224,111;280,251,-46;294,222,127;278,255,-52;292,223,136;281,257,-46;291,225,128;282,255,-42;291,225,124;302,193,-41;316,192,41;282,155,-38;318,154,57;284,111,-23;325,115,70;289,104,-21;327,108,71;269,102,-28;309,112,64
288,263,-6;288,266,-16;289,267,-16;289,267,-16;288,266,-2;288,266,-2;288,266,-2;293,268,-39;293,268,21;291,261,-12;291,260,5;302,254,-65;313,255,65;290,230,-85;306,222,112;279,251,-57;295,214,124;277,255,-64;293,212,133;280,257,-59;291,214,123;281,255,-54;292,215,121;302,193,-42;316,192,42;279,156,-44;317,154,58;283,111,-32;325,115,70;289,104,-30;327,108,70;269,102,-38;309,112,64
288,262,-16;288,266,-25;288,266,-25;289,267,-25;288,266,-11;288,266,-11;288,266,-11;293,268,-43;292,267,18;291,261,-20;290,260,-2;302,254,-67;310,254,65;290,230,-87;306,222,113;279,251,-56;295,215,123;277,255,-63;293,213,131;279,257,-58;291,216,121;281,255,-53;292,216,119;302,193,-43;315,192,43;277,156,-47;317,154,60;282,111,-32;325,116,74;288,104,-30;327,108,75;268,102,-36;310,112,69
286,262,-20;287,266,-30;287,266,-30;287,267,-30;286,266,-15;286,266,-15;287,266,-15;292,268,-48;291,267,15;290,260,-25;289,260,-6;302,254,-72;306,254,65;289,229,-85;300,222,110;278,251,-37;292,221,114;276,255,-43;290,221,121;279,257,-40;290,223,113;280,255,-34;290,224,110;301,193,-44;313,192,44;275,156,-43;316,154,58;279,112,-21;325,116,74;284,105,-18;327,108,76;264,102,-25;311,112,67
285,262,-19;285,266,-29;285,266,-29;286,266,-29;285,265,-14;285,266,-14;285,266,-14;291,268,-48;289,267,15;288,260,-23;288,260,-5;301,254,-73;305,254,65;289,228,-90;301,222,106;277,250,-55;292,215,103;275,254,-63;291,214,108;278,257,-59;290,216,98;279,255,-52;290,217,98;301,193,-45;311,192,45;274,156,-47;315,154,68;274,112,-32;325,116,94;278,105,-31;327,108,96;257,101,-43;311,112,87
283,261,-18;283,265,-28;284,265,-28;284,266,-28;283,265,-14;283,265,-14;283,265,-14;289,267,-47;288,266,15;286,259,-22;285,259,-5;299,254,-73;303,254,64;288,228,-98;301,221,96;276,250,-81;293,209,85;274,254,-91;291,206,90;276,256,-86;290,208,79;277,255,-77;291,210,81;300,193,-44;310,192,45;272,156,-47;313,154,70;269,112,-29;325,116,97;273,105,-27;327,109,99;252,102,-37;311,112,90
280,261,-24;281,264,-33;281,265,-33;282,265,-33;280,264,-19;280,264,-19;280,265,-19;287,267,-48;285,266,13;283,259,-27;283,258,-9;298,253,-72;300,254,62;286,228,-94;297,223,94;274,250,-68;292,211,82;272,254,-78;291,209,86;274,256,-74;290,211,74;276,255,-66;290,212,76;299,192,-44;307,192,44;271,156,-41;313,155,69;264,111,-21;325,116,96;268,104,-20;327,109,98;247,101,-37;311,113,89
277,260,-19;277,264,-29;278,264,-29;278,265,-29;277,264,-15;277,264,-15;277,264,-15;283,266,-46;282,265,13;281,258,-24;280,258,-6;294,253,-71;297,253,63;283,228,-93;293,224,94;271,250,-68;288,211,80;269,254,-78;287,208,85;272,256,-73;286,210,73;273,255,-65;286,211,75;297,192,-44;306,192,44;270,156,-42;312,155,70;261,111,-29;325,117,96;264,103,-28;327,109,98;243,101,-44;311,113,90
273,260,-13;273,264,-23;274,264,-23;274,264,-23;273,263,-8;273,264,-8;273,264,-8;279,266,-43;278,265,20;277,258,-19;276,258,0;290,253,-69;294,253,69;279,228,-83;290,224,98;268,250,-39;279,226,93;266,254,-45;277,227,98;269,256,-42;276,230,89;270,254,-36;277,229,89;294,193,-43;304,193,43;268,156,-43;312,155,57;260,110,-31;325,117,70;263,102,-30;327,109,71;243,102,-41;311,113,62
271,260,1;270,264,-9;271,264,-9;271,265,-9;270,264,4;270,264,4;270,264,4;276,266,-32;274,265,25;273,258,-3;273,258,12;284,253,-58;294,253,68;273,230,-86;293,222,106;262,250,-76;284,207,120;261,255,-85;281,204,131;263,257,-79;281,205,121;264,255,-73;281,206,117;290,193,-41;303,193,41;267,155,-40;311,155,55;260,109,-30;324,117,63;264,101,-28;327,109,63;242,101,-38;312,113,56
267,260,38;267,264,23;267,264,23;267,265,23;267,264,35;268,264,35;268,264,35;270,266,-18;271,265,34;269,258,25;269,258,40;278,253,-53;296,253,59;266,240,-86;294,222,107;254,252,-74;281,211,154;252,255,-81;279,209,167;254,257,-78;277,210,160;254,256,-72;278,211,153;286,191,-36;302,192,36;265,154,-30;311,155,51;260,109,-27;323,117,48;263,101,-26;326,109,48;241,101,-33;313,114,43
264,259,65;263,263,50;263,263,50;263,263,50;264,263,60;265,263,60;265,264,60;266,264,0;269,264,47;266,257,50;267,257,63;269,251,-35;296,252,60;249,249,-25;292,230,129;235,261,41;274,226,200;233,264,41;270,226,215;236,267,40;269,227,211;237,265,42;269,227,200;282,190,-30;301,192,30;264,153,-26;311,155,44;259,108,-23;323,117,40;262,100,-21;325,109,41;241,101,-23;315,111,36
259,258,75;258,261,60;258,262,60;258,262,60;260,262,70;260,262,70;261,262,70;261,262,10;265,263,58;261,255,59;262,255,73;265,250,-28;296,250,61;243,253,-56;292,229,124;218,260,-16;279,215,167;211,256,-21;276,210,179;219,260,-19;275,210,173;222,260,-14;275,211,165;281,190,-28;300,192,27;263,152,-22;311,155,50;258,107,-15;323,117,57;261,100,-14;325,109,59;241,101,-21;315,112,51
256,256,89;255,260,74;255,260,74;255,260,74;256,260,85;257,261,85;258,261,85;257,261,22;261,262,71;258,254,72;259,254,86;261,250,-21;292,249,73;232,254,-63;293,229,125;207,257,-41;280,213,181;199,252,-50;277,208,194;202,252,-41;274,208,187;204,252,-39;275,210,179;280,190,-28;299,192,28;262,151,-22;311,155,53;258,105,-15;322,116,61;262,99,-14;325,109,63;241,100,-24;314,112,53
253,254,72;252,258,57;251,259,57;251,259,57;253,259,69;254,259,69;255,260,69;255,260,10;259,261,63;255,252,56;256,252,72;260,250,-30;290,249,72;228,252,-63;293,229,124;200,256,-26;280,214,180;193,252,-32;277,210,194;193,253,-24;274,210,187;195,252,-23;275,212,178;279,190,-29;298,192,29;261,151,-23;311,155,57;258,105,-15;322,116,73;262,99,-14;325,109,76;241,99,-23;312,112,67
252,253,63;250,257,49;250,257,49;250,257,49;252,257,61;252,258,61;253,258,61;254,259,2;257,260,59;254,251,48;255,251,64;260,250,-36;290,250,71;230,253,-64;293,229,129;199,256,-30;281,215,192;191,252,-36;278,211,208;191,253,-28;275,211,201;194,253,-26;276,212,191;279,190,-28;297,193,28;261,151,-18;311,155,55;257,106,-7;322,116,72;262,99,-5;325,109,76;241,98,-13;312,112,66
251,253,62;250,256,48;250,257,48;250,257,48;251,256,60;252,257,60;253,257,60;254,258,2;257,259,58;254,251,47;255,251,64;260,250,-36;289,250,71;230,253,-66;293,230,132;198,255,-28;280,218,199;191,253,-34;277,214,215;190,254,-25;273,214,208;193,253,-24;274,216,197;278,190,-28;297,193,28;260,151,-16;311,155,52;257,106,-3;322,116,65;262,98,0;325,109,67;240,98,-7;312,112,58
252,252,65;251,256,50;251,256,50;251,256,50;252,256,63;253,256,63;253,257,62;254,258,3;257,259,58;254,251,49;255,251,65;260,250,-34;290,250,71;230,253,-62;293,230,128;202,254,-20;280,221,192;193,252,-24;277,219,208;195,253,-16;274,219,201;196,252,-16;275,220,191;278,190,-27;297,193,27;261,150,-12;311,155,47;257,106,2;322,116,55;262,98,5;325,108,56;241,97,0;312,112,47
252,252,59;252,256,45;252,256,45;252,257,45;253,256,58;253,256,58;254,257,58;256,258,0;258,259,56;255,251,45;256,251,61;262,250,-36;289,250,71;232,252,-81;294,230,126;206,252,-63;284,218,182;199,250,-71;282,215,196;199,251,-62;279,215,189;202,250,-59;280,216,180;279,190,-28;297,192,28;261,150,-10;311,154,49;258,106,10;322,116,59;262,98,13;325,108,61;241,97,5;312,112,51
254,252,63;253,256,49;253,256,49;253,257,49;254,256,61;255,256,61;256,257,61;257,258,1;260,259,58;256,251,48;257,251,64;264,250,-36;290,250,70;236,251,-81;295,227,119;211,250,-65;288,213,171;205,250,-74;286,210,184;205,250,-65;282,210,176;208,250,-62;283,211,169;279,189,-28;297,191,28;261,149,-13;312,153,50;258,105,4;322,115,61;263,98,6;325,108,63;241,98,-1;315,112,54
254,253,71;254,256,56;254,257,56;253,257,56;255,256,69;256,257,69;257,257,69;258,258,8;261,259,66;257,251,55;259,251,72;265,250,-32;290,250,78;238,247,-61;296,227,139;219,248,-21;288,217,205;211,249,-25;284,215,220;209,250,-18;281,215,214;214,249,-17;282,216,204;280,189,-28;298,190,28;262,149,-22;312,153,42;259,105,-15;323,115,40;263,98,-12;325,108,40;242,97,-17;318,111,32
261,254,68;261,257,53;260,257,53;260,258,53;261,258,66;262,258,66;262,258,66;262,259,6;266,260,62;263,252,53;264,252,69;265,250,-31;293,250,77;247,241,-33;296,226,135;230,247,29;286,217,191;227,248,29;283,215,205;228,251,32;281,216,199;230,249,32;281,217,191;280,189,-30;298,190,30;263,149,-28;312,153,41;259,105,-24;323,115,34;263,98,-22;325,108,34;242,97,-28;319,111,26
266,256,62;265,259,46;265,259,46;265,259,46;266,259,57;266,259,57;266,260,57;267,259,-2;269,260,49;268,253,47;268,253,61;270,249,-37;294,250,66;253,238,-38;297,222,116;239,248,16;286,214,157;235,253,14;284,212,168;238,256,17;283,213,162;239,254,19;283,213,156;282,188,-30;300,190,30;264,150,-28;312,153,41;259,105,-20;323,115,45;263,98,-18;326,108,46;242,98,-25;319,111,37
270,257,45;268,260,30;268,260,30;268,260,30;269,260,43;270,261,43;270,261,43;270,260,-16;273,261,40;271,254,31;272,255,48;277,249,-48;297,250,66;264,232,-45;291,228,121;252,247,13;273,238,169;251,252,14;270,241,180;252,256,16;268,242,179;253,253,17;269,241,169;285,188,-33;302,189,33;266,150,-27;313,153,47;261,105,-18;325,115,48;264,98,-16;326,108,49;243,98,-24;319,111,40
