292,277,-50;291,281,-44;291,281,-44;291,281,-44;290,281,-59;289,282,-59;287,282,-59;286,281,-6;280,282,-74;289,273,-34;287,274,-54;281,265,32;261,260,-92;286,247,17;279,233,-86;299,254,-62;298,253,-23;302,257,-76;306,259,-27;299,262,-76;300,262,-29;296,261,-66;299,260,-22;276,206,31;254,202,-31;308,185,-59;237,167,0;306,145,-7;219,132,90;299,139,-2;218,128,98;321,129,-36;217,118,54
291,277,-48;291,281,-42;291,281,-42;291,281,-42;289,281,-57;288,282,-57;287,282,-57;285,281,-3;280,282,-69;289,273,-32;287,274,-51;282,266,31;259,260,-83;292,245,-1;279,233,-78;296,255,-111;298,253,-14;302,258,-128;305,259,-16;298,262,-126;300,262,-14;295,261,-114;298,261,-10;277,207,27;255,203,-27;308,184,-59;237,167,-18;306,145,12;219,133,78;299,138,18;218,128,86;321,129,-17;217,119,46
291,277,-41;291,281,-34;291,281,-34;291,281,-34;289,281,-50;288,282,-50;287,282,-50;285,282,4;280,282,-64;289,273,-25;287,274,-45;282,266,35;258,261,-80;289,245,0;279,233,-78;297,254,-113;298,253,-16;301,258,-131;304,259,-19;299,259,-131;300,262,-19;295,260,-118;298,261,-14;278,207,27;255,203,-27;308,183,-59;238,167,-17;306,145,8;219,133,76;300,138,14;218,128,84;322,129,-23;217,119,43
291,277,-37;291,281,-30;291,281,-30;291,281,-30;289,281,-45;288,282,-45;287,282,-45;285,282,8;280,282,-61;289,273,-21;287,274,-41;282,266,39;258,261,-79;288,246,3;278,233,-77;297,253,-106;297,253,-15;300,257,-122;303,258,-17;299,258,-122;300,262,-14;294,259,-110;298,261,-11;278,208,27;255,203,-27;308,183,-59;238,167,-16;306,145,4;219,133,70;300,138,8;218,129,77;322,129,-33;217,120,35
291,277,-37;291,281,-31;291,281,-31;291,281,-31;289,281,-46;288,281,-46;287,282,-46;285,282,7;280,282,-61;289,273,-22;287,273,-42;282,266,38;258,261,-78;290,245,3;278,233,-75;294,254,-101;297,253,-10;300,257,-117;303,257,-12;297,258,-117;300,262,-9;294,259,-105;298,261,-6;278,208,27;255,203,-27;308,183,-60;238,167,-17;306,144,2;219,133,70;300,138,7;219,129,78;322,129,-33;217,120,37
291,277,-38;291,281,-31;291,281,-31;291,281,-31;289,281,-46;288,281,-46;286,281,-46;285,281,8;279,282,-59;289,273,-22;287,273,-42;282,266,39;258,261,-77;288,246,4;278,233,-75;293,254,-101;297,253,-10;298,256,-117;303,257,-12;296,259,-117;300,262,-9;293,258,-105;298,261,-6;278,208,27;255,203,-27;308,183,-64;238,167,-16;306,144,0;219,134,73;300,138,5;219,129,80;322,129,-35;217,120,39
291,277,-39;290,281,-32;291,281,-33;291,281,-33;289,281,-48;288,281,-48;286,281,-48;285,281,7;279,282,-60;289,273,-23;287,273,-43;282,266,38;258,262,-78;292,246,1;278,233,-76;293,255,-107;297,253,-12;299,255,-124;303,257,-14;296,257,-124;300,262,-12;293,258,-111;298,261,-9;278,208,27;255,203,-27;308,183,-67;238,167,-16;306,144,-1;219,134,75;300,137,3;219,129,82;322,129,-36;217,120,40
291,277,-44;290,281,-36;291,281,-36;291,281,-36;289,281,-51;288,281,-51;286,281,-51;285,281,5;279,282,-61;289,273,-26;287,273,-46;282,266,38;258,262,-79;294,246,-2;278,233,-79;293,255,-115;297,253,-14;299,255,-132;303,258,-16;297,256,-131;300,263,-13;293,258,-119;298,261,-10;278,208,27;255,203,-27;308,183,-69;238,167,-17;306,144,-1;219,134,75;300,137,3;219,129,83;322,129,-36;217,120,41
291,277,-45;290,281,-37;291,281,-37;291,281,-37;289,281,-52;288,281,-52;286,281,-52;285,281,5;279,282,-62;289,273,-27;287,273,-47;282,266,38;258,262,-79;295,246,-3;279,233,-81;296,255,-116;297,254,-16;299,256,-133;303,258,-18;297,257,-132;300,263,-13;293,258,-119;298,261,-11;278,208,27;255,203,-27;308,183,-70;238,167,-17;306,144,-1;219,134,76;300,137,3;219,129,84;322,129,-36;217,120,43
291,277,-45;290,281,-36;291,281,-36;291,281,-36;289,281,-52;288,281,-52;286,281,-52;285,281,6;279,282,-61;289,273,-27;287,273,-46;282,266,38;257,262,-79;294,246,-2;279,233,-81;297,254,-114;297,254,-17;300,256,-132;303,259,-20;298,257,-131;300,263,-15;293,258,-118;298,261,-13;278,208,27;255,203,-27;308,183,-70;238,167,-17;306,144,-2;219,134,76;300,137,3;219,129,85;322,129,-36;216,120,44
291,277,-44;290,281,-36;291,281,-36;291,281,-36;289,281,-51;288,281,-51;286,281,-51;285,281,6;279,282,-61;289,273,-26;287,273,-46;282,266,37;257,262,-79;294,246,-2;279,233,-81;298,254,-114;297,254,-18;301,256,-132;303,259,-21;299,257,-131;300,263,-16;293,258,-118;298,261,-14;278,207,26;255,203,-26;308,182,-70;238,167,-19;306,144,-2;219,134,76;300,137,3;219,129,85;322,129,-36;216,120,44
293,277,-41;292,281,-33;292,281,-33;292,281,-33;290,281,-49;289,281,-49;288,281,-49;286,282,6;281,282,-61;291,273,-24;289,273,-44;285,267,38;258,262,-79;297,246,-2;280,233,-76;298,254,-110;298,254,-8;301,255,-127;303,259,-9;299,256,-129;300,263,-6;293,258,-114;298,261,-4;280,208,27;257,204,-27;310,183,-59;239,168,-28;308,145,10;219,134,57;302,137,16;219,130,64;325,130,-19;216,120,23
293,277,-42;292,281,-34;292,281,-34;292,281,-34;291,281,-49;290,281,-49;289,282,-49;287,282,6;281,282,-61;291,273,-25;290,273,-44;286,267,38;259,262,-78;301,246,-2;280,233,-77;298,254,-112;298,254,-8;301,255,-129;304,259,-9;299,253,-128;300,263,-7;294,257,-116;298,261,-5;281,208,27;258,204,-27;311,183,-60;239,168,-28;309,145,8;219,134,56;303,137,14;219,130,63;326,130,-21;217,120,21
299,277,-93;299,281,-83;299,281,-83;299,281,-83;297,281,-96;296,281,-96;295,282,-96;293,282,-29;288,283,-88;297,273,-71;295,273,-88;293,268,15;263,263,-98;307,259,1;280,236,-135;317,265,-66;300,255,-121;321,267,-77;308,260,-132;319,268,-80;306,264,-127;316,267,-70;303,262,-118;286,208,26;262,205,-26;316,183,-60;240,169,-36;318,145,13;219,134,29;312,138,19;219,130,34;335,131,-17;217,120,-14
304,277,-104;304,281,-95;304,281,-95;304,281,-95;302,281,-106;301,281,-106;299,282,-106;299,282,-41;292,283,-93;302,273,-82;300,273,-97;302,268,3;268,265,-95;319,258,1;280,237,-156;336,266,-59;301,255,-202;344,268,-69;308,260,-222;344,269,-78;307,264,-216;341,268,-65;305,262,-201;290,208,22;266,207,-22;319,182,-51;241,171,-57;326,146,35;219,134,13;320,138,42;219,130,18;342,131,2;217,120,-36
308,276,-107;308,280,-98;308,280,-98;308,280,-98;306,280,-108;305,280,-108;303,281,-108;303,280,-45;296,282,-93;306,272,-86;304,272,-100;309,267,-4;272,265,-95;335,261,-2;279,237,-168;364,267,-52;301,254,-236;374,268,-63;308,257,-258;375,270,-76;306,260,-253;371,269,-61;304,259,-235;293,206,21;269,207,-21;322,179,-38;242,171,-92;329,145,63;220,134,-14;324,138,70;221,130,-8;345,131,30;217,120,-65
309,273,-131;310,276,-122;310,276,-122;311,276,-122;307,277,-131;306,277,-131;304,278,-131;307,277,-64;298,279,-105;308,269,-109;305,269,-121;313,264,-17;276,264,-103;343,261,-17;281,237,-185;372,268,-65;301,251,-268;383,269,-76;309,254,-293;383,270,-88;308,258,-286;379,270,-73;306,256,-268;296,203,20;271,206,-20;325,177,-40;243,171,-100;330,144,59;221,135,-13;325,137,68;222,130,-7;344,131,27;217,120,-67
311,270,-124;311,274,-114;312,274,-115;312,274,-115;309,274,-124;307,275,-124;306,275,-124;309,274,-58;300,276,-101;310,266,-102;307,266,-114;315,262,-14;278,260,-103;343,260,-14;283,235,-190;371,266,-58;303,247,-272;381,268,-69;309,250,-297;381,269,-81;310,252,-290;378,269,-66;307,253,-272;299,201,20;273,205,-20;328,175,-57;244,171,-97;330,144,55;222,135,-14;324,137,65;223,130,-9;343,131,25;216,120,-69
312,267,-128;312,271,-119;313,271,-119;313,271,-119;310,271,-128;308,272,-129;306,272,-129;310,272,-64;300,273,-107;311,263,-106;308,263,-119;315,259,-24;278,256,-107;344,260,-43;284,235,-200;371,266,-104;301,240,-287;380,268,-119;305,241,-311;381,269,-130;307,245,-307;377,268,-112;307,244,-288;301,199,19;275,202,-19;330,175,-82;244,170,-88;330,143,42;222,135,-3;325,137,50;223,130,1;344,131,11;216,120,-55
311,265,-129;311,270,-120;312,270,-120;312,270,-120;309,270,-130;307,270,-130;306,270,-130;308,270,-66;300,272,-111;310,262,-108;307,262,-121;314,258,-25;277,255,-110;343,259,-37;284,230,-192;368,266,-97;302,238,-272;378,268,-111;307,239,-295;378,269,-122;308,244,-290;375,268,-105;306,244,-271;301,199,18;275,200,-18;332,175,-75;244,168,-83;331,143,47;222,135,5;326,137,57;224,130,11;345,131,19;216,120,-44
309,266,-125;310,270,-115;310,270,-115;311,270,-115;307,270,-124;306,271,-124;304,271,-124;307,271,-59;298,273,-102;308,262,-103;305,263,-114;313,258,-20;276,255,-110;340,259,-35;284,230,-187;363,266,-95;302,239,-272;371,268,-109;306,241,-295;371,270,-119;308,245,-290;368,269,-102;303,244,-271;300,199,16;274,200,-16;332,175,-76;244,168,-76;330,143,42;223,135,10;325,137,52;224,130,16;345,130,12;216,120,-38
309,267,-112;309,271,-100;309,271,-100;310,271,-100;307,271,-107;305,272,-107;304,272,-107;306,272,-39;297,274,-77;307,263,-87;305,264,-97;311,258,4;275,256,-85;336,258,19;283,230,-179;359,266,-6;295,240,-267;366,269,-12;299,241,-289;366,270,-21;299,244,-284;362,269,-12;297,244,-267;299,200,17;273,200,-17;329,175,-74;244,168,-75;330,143,24;223,134,2;325,137,31;224,129,7;345,130,-7;217,120,-47
305,267,-127;306,272,-118;307,272,-118;307,271,-118;304,272,-127;302,273,-127;300,273,-127;305,272,-56;294,275,-97;304,264,-103;301,264,-115;310,259,-12;273,257,-98;329,255,-56;281,232,-197;345,266,-153;294,241,-285;351,268,-173;299,244,-310;350,270,-179;300,246,-304;347,269,-160;298,244,-285;297,200,18;272,200,-18;326,176,-65;244,168,-74;329,143,31;223,134,-2;324,136,38;224,129,2;345,130,-6;217,120,-57
301,271,-124;302,275,-114;303,275,-114;304,275,-114;299,276,-123;298,277,-123;296,278,-123;302,275,-53;291,279,-96;300,267,-100;296,269,-112;304,260,-10;270,260,-92;321,252,-57;278,233,-188;333,265,-159;293,245,-255;337,268,-180;298,248,-277;336,270,-181;298,250,-271;334,269,-163;296,249,-254;293,202,18;269,202,-18;321,178,-36;243,168,-80;329,143,58;223,134,-11;324,136,66;224,129,-7;345,130,29;217,120,-65
297,275,-123;299,279,-113;300,279,-113;301,279,-113;296,280,-122;294,280,-122;293,281,-122;300,278,-52;288,282,-95;297,271,-99;293,272,-112;300,262,-8;268,262,-90;313,251,-61;275,234,-171;323,264,-172;293,248,-245;325,268,-194;298,252,-266;323,270,-193;298,256,-263;321,268,-176;296,254,-246;289,205,18;266,204,-18;317,180,-39;242,169,-78;326,143,57;222,134,-4;321,136,65;223,129,0;343,130,27;217,120,-58
298,275,-110;299,279,-99;300,279,-99;300,279,-99;296,280,-110;295,281,-110;293,281,-110;298,279,-38;287,282,-88;297,271,-86;293,272,-100;298,262,2;267,263,-82;313,250,-46;274,234,-153;322,263,-150;293,250,-217;324,267,-171;298,254,-236;322,270,-169;298,258,-231;320,268,-153;297,257,-216;288,206,18;265,205,-18;317,181,-47;241,169,-67;325,143,56;222,134,12;320,136,62;223,129,17;343,130,24;217,120,-38
295,277,-84;296,280,-73;297,280,-73;298,280,-73;294,281,-84;292,282,-84;290,283,-84;296,280,-16;285,283,-65;294,272,-62;290,274,-76;295,263,20;265,264,-67;310,252,-27;273,235,-118;313,263,-135;292,252,-137;314,266,-151;298,254,-150;310,268,-156;298,260,-145;309,267,-149;296,258,-135;286,208,17;263,205,-17;315,182,-66;240,169,-42;320,144,24;222,134,39;315,137,32;223,129,45;336,130,-9;217,121,-8
289,278,-92;291,282,-81;292,281,-81;293,281,-81;288,283,-90;286,283,-90;285,284,-90;292,280,-23;280,284,-58;289,273,-70;285,275,-80;291,265,11;262,265,-62;312,261,-60;272,237,-129;309,263,-174;292,252,-164;309,265,-197;298,254,-180;305,267,-192;298,259,-174;304,266,-177;296,257,-162;283,207,15;260,205,-15;310,181,-96;238,169,-21;310,143,-15;222,134,61;304,136,-9;223,129,67;326,130,-53;217,121,17
