279,285,-42;278,290,-36;277,291,-36;277,291,-36;277,290,-56;276,290,-56;275,290,-56;270,291,0;267,290,-90;276,281,-26;275,281,-52;259,274,49;248,270,-124;260,248,68;260,236,-103;274,260,21;280,256,-11;282,261,15;285,259,-14;279,267,10;283,262,-15;275,263,16;281,261,-8;246,207,48;233,204,-48;270,170,38;224,163,12;282,127,61;202,121,95;276,117,62;197,116,102;304,117,36;206,103,65
279,285,-39;278,290,-33;277,291,-33;277,291,-33;277,290,-53;276,290,-53;275,290,-53;270,291,3;267,290,-83;276,281,-23;275,281,-49;261,274,50;247,270,-112;262,248,48;260,236,-92;275,258,-31;280,256,-4;282,260,-43;285,259,-6;279,265,-46;282,262,-9;275,263,-36;281,261,-2;247,207,47;233,205,-47;272,170,41;224,162,1;282,126,69;201,121,69;276,117,70;197,115,74;305,117,43;205,105,36
281,285,-37;280,290,-30;279,290,-30;279,291,-30;279,290,-50;278,290,-50;278,290,-50;272,291,5;270,290,-80;278,281,-21;278,281,-46;263,274,52;248,270,-109;265,251,55;261,237,-91;279,259,-5;281,256,-5;284,261,-14;286,260,-7;280,266,-18;283,263,-11;278,265,-10;281,262,-2;251,207,46;235,205,-46;273,170,42;228,163,-4;282,126,74;202,121,60;276,117,76;198,116,65;305,117,50;205,106,27
287,285,-30;286,290,-25;285,290,-25;285,290,-25;285,290,-43;284,290,-43;283,290,-43;279,290,8;277,290,-73;284,281,-16;283,281,-40;267,273,56;259,270,-106;272,250,47;271,237,-81;285,258,-36;290,254,8;293,261,-48;296,259,7;289,263,-53;294,262,2;287,263,-42;291,261,9;256,208,47;243,207,-47;278,170,47;240,163,-34;282,126,76;214,121,3;276,117,78;208,115,6;305,117,57;223,105,-30
290,284,-28;288,289,-23;288,289,-23;287,290,-23;288,289,-41;287,289,-41;287,289,-41;281,290,8;280,289,-74;287,280,-14;286,280,-39;267,273,61;265,270,-108;269,249,75;277,236,-87;286,258,22;295,253,1;295,261,15;302,258,0;293,263,7;299,262,-3;290,262,15;297,260,4;258,208,50;246,207,-50;285,172,48;244,162,-52;283,126,82;218,115,-33;276,118,83;212,109,-33;306,116,64;230,100,-73
292,283,-26;289,288,-19;289,288,-19;288,288,-19;289,288,-38;288,288,-38;288,288,-38;282,288,13;281,287,-70;289,279,-11;288,278,-36;268,270,64;267,268,-107;270,245,71;282,234,-89;290,258,15;301,252,0;300,261,7;306,258,0;297,263,1;304,261,-3;294,262,9;302,260,2;260,206,51;247,204,-51;295,174,46;247,159,-42;285,128,78;216,111,-13;277,120,80;211,104,-11;307,116,60;226,97,-51
293,279,-21;291,285,-16;291,285,-16;290,286,-16;291,285,-34;290,285,-34;289,285,-34;284,286,13;283,285,-68;290,276,-9;289,275,-33;268,269,64;268,265,-105;269,243,103;287,232,-90;290,257,96;305,252,-14;296,260,95;310,257,-16;295,263,88;306,261,-17;293,261,91;304,259,-12;265,204,51;251,201,-51;303,176,45;249,156,-43;287,131,83;215,111,-19;279,123,85;210,104,-18;308,117,67;226,98,-58
296,278,-23;294,284,-17;293,284,-17;293,285,-17;293,284,-36;292,284,-36;292,284,-36;287,284,14;285,284,-70;292,274,-9;291,274,-34;274,267,63;269,264,-104;280,242,61;287,229,-84;294,256,-15;303,251,7;301,256,-25;308,256,7;297,262,-28;304,259,4;294,259,-20;302,257,9;269,203,50;256,200,-50;309,178,35;248,154,-31;292,134,62;216,111,7;282,126,63;211,105,9;311,119,46;226,98,-27
300,277,-41;299,283,-35;299,283,-35;299,283,-35;298,282,-53;297,283,-53;296,283,-53;293,283,1;290,282,-73;298,273,-26;296,273,-48;286,267,53;271,262,-102;301,257,60;285,228,-82;305,259,1;301,249,2;308,259,-6;306,254,1;304,262,-18;303,257,-1;299,260,-5;300,256,4;275,203,45;259,199,-45;311,178,3;248,155,-33;298,135,26;218,112,-10;289,127,27;213,106,-10;318,121,3;226,98,-53
311,278,-95;311,283,-83;310,283,-83;310,283,-83;309,283,-98;308,283,-98;306,283,-98;304,283,-27;299,283,-89;309,274,-73;307,274,-91;302,267,36;274,263,-104;323,263,127;283,229,-157;336,266,186;302,249,-176;342,267,199;309,253,-189;341,267,190;308,256,-188;338,266,183;306,255,-175;283,203,36;261,199,-36;313,177,8;246,157,-81;316,136,72;220,113,-67;309,128,78;217,107,-68;335,124,43;225,98,-130
317,277,-91;316,281,-82;316,281,-83;316,282,-83;314,281,-97;313,282,-97;312,282,-97;310,282,-34;304,282,-100;314,273,-72;311,273,-92;311,266,12;276,263,-117;336,263,57;283,232,-209;362,267,87;301,249,-285;374,267,78;307,252,-310;375,268,95;306,255,-307;372,267,88;304,255,-286;287,204,35;263,201,-35;314,175,130;246,160,-117;321,136,261;222,113,-118;315,130,272;220,108,-121;339,124,247;224,98,-192
321,275,-108;321,279,-100;320,279,-100;320,279,-100;319,279,-115;318,279,-115;316,280,-115;314,280,-53;309,280,-123;319,271,-89;316,271,-110;314,264,-8;280,263,-141;345,262,19;285,232,-226;373,268,1;305,249,-297;383,268,-3;311,252,-323;385,268,-15;309,255,-320;381,268,-6;307,255,-298;290,203,36;265,201,-36;318,174,90;248,162,-94;322,136,173;224,123,-46;316,129,182;222,118,-44;338,124,155;223,106,-103
321,271,-101;321,276,-93;321,276,-93;321,276,-93;319,276,-108;317,276,-108;316,276,-108;314,277,-46;309,276,-114;319,268,-83;316,268,-103;316,261,-1;282,260,-134;346,260,43;285,231,-233;374,267,52;303,244,-325;383,267,56;310,245,-349;384,268,43;306,250,-345;381,267,46;305,250,-325;292,201,32;268,200,-32;322,173,-20;249,162,-22;321,135,71;225,129,76;315,129,79;223,126,83;339,123,46;223,113,32
320,268,-97;320,273,-88;320,273,-88;320,273,-88;318,273,-103;317,273,-103;315,273,-103;314,274,-41;309,274,-109;318,265,-78;316,265,-98;315,258,0;282,256,-129;342,259,34;288,227,-214;368,266,29;311,242,-278;378,266,28;317,240,-300;378,267,16;315,250,-294;375,267,22;314,249,-277;293,198,29;270,198,-29;325,173,-65;249,162,-2;322,135,6;226,131,95;315,128,12;224,128,101;340,123,-26;223,115,50
318,268,-103;318,272,-93;318,273,-93;318,273,-93;316,272,-109;315,273,-109;313,273,-109;312,273,-45;307,273,-113;316,264,-83;314,264,-103;313,258,-1;280,256,-135;333,258,16;290,228,-205;354,264,-17;323,244,-230;363,265,-23;328,243,-249;364,266,-33;332,251,-241;361,266,-23;329,250,-227;294,198,29;270,197,-29;325,173,-51;249,162,0;322,135,24;227,129,93;315,128,31;226,126,99;340,124,-7;223,113,47
317,270,-102;316,274,-93;316,275,-93;316,275,-93;315,274,-109;313,274,-109;312,275,-109;310,275,-44;305,275,-114;314,266,-81;312,266,-102;309,260,5;278,258,-134;327,256,28;288,228,-197;350,263,24;318,246,-215;362,265,23;327,245,-233;361,266,17;327,253,-226;357,265,20;324,251,-212;292,199,30;269,198,-30;321,173,-26;248,162,7;322,135,50;226,130,98;316,128,57;225,127,105;340,124,22;224,113,55
316,270,-101;316,275,-92;316,276,-92;316,276,-92;314,275,-108;313,275,-108;312,276,-108;310,276,-41;305,276,-110;313,267,-81;311,267,-101;309,260,5;278,258,-131;324,256,18;288,228,-192;350,262,-20;318,248,-205;358,265,-27;325,249,-222;360,266,-33;326,255,-215;356,265,-25;323,253,-202;291,199,30;268,198,-30;320,174,-32;248,162,7;322,135,43;226,130,99;316,128,50;225,127,105;341,124,13;224,114,54
308,273,-73;308,278,-65;308,278,-65;308,278,-65;307,277,-80;306,278,-80;304,278,-80;302,279,-19;297,279,-88;306,269,-54;304,269,-74;300,264,12;272,261,-99;311,257,-14;282,230,-108;300,253,-116;301,250,-63;299,252,-137;312,253,-71;295,254,-136;307,260,-72;295,254,-120;305,257,-61;285,203,30;261,200,-30;314,178,-35;242,164,0;321,138,23;223,130,78;315,132,28;223,127,84;338,125,-9;222,113,33
303,274,-48;303,279,-40;302,279,-40;302,279,-40;301,279,-56;300,279,-56;299,280,-56;296,280,3;291,281,-66;300,270,-29;298,270,-50;294,264,34;267,262,-79;303,254,-2;276,230,-78;294,251,-111;295,250,-15;293,250,-129;306,255,-18;290,252,-127;301,260,-18;289,251,-114;299,258,-12;281,203,31;258,200,-31;312,179,-54;238,163,4;311,140,8;221,131,97;304,135,14;221,127,104;325,125,-25;221,115,57
297,274,-48;297,279,-41;297,279,-41;297,279,-41;296,279,-57;295,279,-57;294,279,-57;291,280,0;286,280,-69;295,270,-31;293,270,-51;289,264,35;262,262,-83;300,255,13;272,229,-72;296,253,-59;291,248,2;297,253,-71;298,254,1;294,253,-71;296,258,1;293,253,-62;294,256,5;278,203,31;255,200,-31;309,179,-42;236,163,5;303,141,29;220,130,100;296,136,35;220,126,108;317,125,0;219,114,63
293,274,-51;293,278,-43;293,278,-43;293,278,-43;291,279,-59;290,279,-59;288,279,-59;287,280,1;281,280,-66;290,270,-33;288,270,-53;284,264,35;258,261,-82;302,258,-1;271,228,-75;294,252,-97;290,247,0;293,251,-114;296,253,0;290,250,-110;294,256,0;289,249,-100;292,254,3;275,203,30;253,198,-30;306,178,-61;234,161,10;300,140,10;220,130,119;292,135,16;220,126,128;315,125,-20;218,114,86
289,274,-53;290,279,-44;290,279,-44;290,279,-44;287,279,-59;286,279,-59;284,280,-59;285,280,5;277,281,-61;287,270,-33;285,270,-52;283,264,39;255,260,-78;301,258,-8;268,228,-81;300,257,-118;287,245,-14;302,257,-136;294,250,-15;298,257,-133;292,252,-15;296,255,-121;289,251,-10;273,202,29;251,197,-29;304,177,-67;234,161,12;298,140,0;220,130,125;291,134,6;219,126,134;315,125,-33;218,115,91
286,275,-58;287,279,-50;287,279,-50;287,279,-50;284,279,-64;283,280,-64;281,281,-64;283,280,0;274,282,-58;284,270,-39;282,271,-58;281,264,35;253,260,-73;303,257,-24;265,228,-90;302,258,-143;284,243,-42;303,258,-165;291,246,-47;299,258,-160;289,249,-46;297,256,-145;287,248,-39;273,202,28;251,197,-28;303,175,-68;235,161,21;297,139,-9;220,130,129;291,132,-4;219,126,138;315,125,-44;218,115,95
