290,256,-11;290,260,-23;290,261,-23;290,261,-23;290,260,-9;290,261,-8;290,261,-8;295,263,-53;295,262,11;294,255,-18;293,255,0;304,247,-78;315,249,53;292,221,-101;311,217,112;283,243,-74;300,220,147;281,248,-82;298,221,158;284,250,-76;297,223,149;285,249,-70;297,222,144;302,185,-42;317,185,42;282,148,-8;318,149,93;283,103,26;324,110,141;288,96,31;327,102,147;266,95,24;310,109,142
290,256,-4;290,260,-16;290,260,-16;290,261,-16;290,260,-2;290,260,-2;290,261,-2;295,262,-46;295,262,15;293,255,-12;293,254,5;304,247,-73;316,248,54;293,221,-102;311,216,96;283,243,-89;301,209,107;281,248,-99;301,207,114;284,250,-92;299,209,105;285,248,-86;299,210,103;302,185,-42;317,185,42;282,148,-28;318,149,85;283,103,-12;324,109,120;288,95,-11;326,102,123;266,95,-22;309,106,117
290,256,-1;289,260,-13;290,260,-13;290,261,-13;290,260,0;290,260,0;290,260,0;295,262,-43;295,262,19;293,254,-9;293,254,8;304,247,-70;316,248,56;293,221,-104;313,218,98;283,243,-99;302,207,110;281,247,-110;302,205,118;284,249,-103;300,208,109;285,248,-96;299,208,107;302,185,-42;317,185,42;283,148,-40;318,148,82;283,102,-34;324,109,112;289,94,-33;325,101,115;266,93,-48;309,105,108
289,256,0;289,259,-11;290,260,-11;290,260,-11;289,259,2;290,260,2;290,260,2;295,262,-41;295,262,20;293,254,-7;293,253,10;304,247,-68;317,248,57;293,221,-106;315,219,98;283,243,-107;304,205,108;281,247,-117;303,203,116;283,249,-110;302,205,106;285,247,-103;301,206,105;302,185,-42;317,184,42;283,147,-39;318,148,81;284,102,-31;324,108,110;289,93,-31;325,101,113;266,92,-45;308,104,106
289,256,-1;289,259,-13;289,260,-13;290,260,-13;289,259,0;290,259,0;290,260,0;294,262,-41;295,261,19;292,253,-9;292,253,8;304,247,-68;317,247,57;293,221,-107;315,219,94;283,243,-107;304,202,101;280,247,-118;304,199,107;283,249,-111;302,201,98;284,247,-104;301,202,97;302,185,-42;317,184,42;284,146,-33;318,148,81;284,102,-21;324,108,112;289,93,-20;325,101,115;266,92,-34;308,104,108
289,255,-2;289,259,-13;289,260,-13;290,260,-13;289,259,0;289,259,0;290,260,0;294,261,-40;295,261,20;292,253,-9;292,253,8;304,247,-66;317,247,58;293,221,-108;315,219,97;282,243,-116;305,201,111;280,247,-127;304,198,119;282,249,-120;303,199,109;284,247,-113;302,200,107;302,185,-42;317,184,42;284,146,-38;318,148,77;284,102,-31;323,108,104;289,93,-31;325,101,107;266,92,-46;308,104,98
289,255,-1;289,259,-12;289,259,-12;289,260,-12;289,259,1;289,259,1;289,259,1;294,261,-39;294,261,23;292,253,-8;292,253,9;304,247,-65;316,247,61;292,221,-108;316,219,105;282,243,-109;305,204,116;279,247,-120;304,201,124;282,249,-114;303,203,113;283,247,-106;302,204,112;302,185,-43;316,184,43;284,146,-44;317,147,72;284,102,-39;323,107,95;289,93,-39;325,100,96;267,92,-53;307,103,88
288,255,1;288,259,-9;288,259,-9;289,260,-9;288,259,4;288,259,4;289,259,4;294,261,-36;294,261,26;291,253,-5;291,253,12;303,247,-63;315,247,65;291,222,-106;316,219,113;281,243,-107;304,205,130;278,247,-117;304,203,139;281,249,-111;302,205,129;282,247,-104;302,206,126;302,186,-43;315,184,43;282,146,-51;317,147,67;283,102,-51;323,107,82;288,93,-51;325,100,83;266,92,-65;306,103,75
287,255,7;287,259,-4;287,259,-4;287,260,-4;287,259,9;287,259,9;288,259,9;292,261,-33;293,261,29;290,253,0;291,253,17;302,247,-62;313,247,67;290,222,-101;313,216,114;279,243,-101;303,204,131;277,247,-109;302,201,141;280,249,-104;300,203,131;281,247,-98;300,204,128;301,186,-43;315,184,43;278,148,-52;316,147,62;282,102,-53;323,107,71;288,93,-52;325,100,72;266,92,-64;306,103,65
285,255,4;285,258,-6;286,259,-6;286,259,-6;285,258,7;286,259,7;286,259,7;291,261,-35;292,261,28;289,253,-3;289,253,15;301,247,-64;311,247,68;289,222,-93;309,215,112;278,243,-69;299,204,127;276,247,-76;298,202,134;278,249,-71;297,204,125;280,247,-66;296,205,123;301,186,-43;313,184,43;275,149,-51;315,147,59;281,102,-44;323,107,68;287,94,-43;325,100,69;265,92,-52;305,103,62
284,255,-1;284,258,-11;285,258,-11;285,259,-11;284,258,2;285,258,2;285,259,2;290,261,-36;291,260,27;288,253,-8;288,252,10;301,247,-64;309,247,67;289,222,-96;307,213,111;277,243,-74;298,203,116;275,247,-77;297,201,123;278,249,-73;295,203,112;279,247,-70;295,204,112;300,186,-44;312,184,44;273,149,-52;314,147,64;278,102,-44;323,107,80;284,94,-43;325,99,81;262,92,-54;305,103,74
284,255,-14;284,258,-24;285,258,-24;285,259,-24;284,258,-9;284,258,-9;284,259,-9;290,260,-44;290,260,19;288,253,-19;287,252,0;301,247,-69;307,246,67;289,222,-101;304,212,101;277,243,-80;297,203,92;275,247,-92;293,200,97;277,249,-87;292,202,85;279,247,-77;292,203,87;300,185,-44;311,184,44;272,149,-48;314,147,67;275,103,-44;323,107,85;281,94,-42;325,100,86;259,92,-51;306,104,81
283,254,-14;283,257,-24;283,258,-24;284,258,-24;282,257,-9;283,258,-9;283,258,-9;289,260,-46;288,259,18;286,252,-20;286,252,-1;300,247,-72;306,246,65;289,221,-101;302,212,93;277,243,-82;294,203,79;274,247,-93;293,201,82;277,249,-87;291,203,71;278,247,-79;291,204,73;299,185,-44;310,184,44;271,149,-48;313,147,70;269,103,-39;323,107,98;274,94,-38;325,100,100;253,92,-51;307,104,91
281,254,-12;280,257,-22;281,258,-22;282,258,-22;280,257,-7;280,257,-7;281,258,-7;287,260,-46;286,259,19;285,252,-18;284,251,0;299,246,-73;303,246,65;287,221,-100;301,212,90;276,243,-77;294,202,73;273,247,-88;293,199,77;276,249,-82;292,202,66;278,247,-74;291,203,68;299,185,-44;308,184,44;270,148,-49;313,147,76;264,102,-40;322,107,107;268,93,-40;325,100,110;245,90,-55;309,104,102
278,253,-11;278,257,-21;279,258,-21;279,258,-21;278,257,-6;278,257,-6;278,257,-6;285,260,-45;284,259,19;283,252,-18;282,251,0;297,246,-74;301,245,65;285,221,-90;295,215,90;275,243,-45;290,202,73;272,247,-53;289,199,77;275,249,-48;288,202,66;277,248,-42;288,204,68;298,185,-44;307,184,44;270,148,-48;312,147,72;260,102,-37;322,107,102;264,93,-36;325,100,104;242,90,-54;310,102,97
275,253,-10;275,257,-21;275,258,-21;276,258,-21;275,257,-6;275,257,-6;275,257,-6;281,260,-45;280,259,20;280,252,-17;279,251,1;294,246,-74;298,245,65;281,222,-87;296,214,92;272,244,-44;288,205,81;270,248,-53;286,203,86;273,251,-48;285,206,76;274,249,-41;285,207,77;295,185,-44;305,184,44;268,147,-38;311,147,71;259,101,-21;322,107,101;263,93,-20;325,100,104;241,90,-32;311,104,96
272,254,-10;271,258,-20;272,259,-20;272,259,-20;271,258,-5;271,258,-5;271,258,-5;277,261,-42;276,259,20;276,252,-15;275,252,2;289,247,-71;295,247,65;276,225,-99;297,214,94;266,246,-84;289,202,86;264,250,-95;288,198,87;268,252,-89;287,200,77;269,251,-81;287,202,81;292,185,-43;303,185,43;266,147,-38;311,147,70;258,101,-25;322,108,95;262,93,-24;324,100,97;241,90,-35;311,104,92
267,255,-14;267,259,-22;267,260,-22;267,260,-22;266,259,-9;266,259,-9;266,259,-9;271,261,-37;270,260,22;270,254,-16;269,253,0;281,248,-63;292,249,72;269,231,-107;292,215,121;259,249,-112;282,200,141;258,252,-124;280,195,152;260,254,-119;279,196,141;261,252,-110;279,198,137;287,185,-43;300,186,43;263,147,-41;308,148,60;256,101,-33;321,109,72;261,92,-32;323,101,73;240,91,-45;309,106,65
261,256,62;261,261,47;261,261,47;261,261,47;262,261,59;262,261,59;263,261,59;264,262,0;267,262,51;263,254,48;264,254,63;270,248,-39;291,249,71;254,247,-84;294,219,112;245,253,-92;282,200,145;245,255,-103;279,196,156;246,256,-109;277,195,147;247,255,-98;278,197,142;280,185,-36;297,187,35;260,147,-40;306,149,64;254,100,-42;319,109,77;258,92,-42;321,102,78;238,92,-56;306,107,71
256,256,78;255,260,63;255,261,63;255,261,63;256,261,73;257,261,73;257,261,73;258,262,12;261,262,61;258,254,62;259,254,77;263,248,-26;290,249,69;242,252,-64;295,223,117;231,253,-51;281,205,169;232,254,-58;279,200,181;233,255,-55;277,197,173;235,254,-50;277,199,167;275,186,-32;294,188,32;257,147,-32;304,149,64;252,100,-39;317,110,79;256,92,-40;319,102,81;235,92,-55;305,108,74
251,256,64;250,260,48;250,261,48;250,261,48;251,261,59;251,261,59;252,261,59;254,262,-1;256,262,50;254,254,48;254,254,63;257,249,-41;286,250,61;228,254,-74;293,228,115;199,253,-41;279,209,176;194,253,-47;275,203,190;194,254,-41;272,201,183;196,253,-38;274,204,174;272,186,-31;292,189,31;255,147,-20;302,150,75;250,100,-12;315,110,107;254,93,-11;317,102,111;232,93,-24;303,109,104
248,256,62;246,260,46;246,261,46;246,261,46;248,260,58;248,261,58;249,261,57;249,262,-4;253,262,47;249,254,46;250,254,61;252,250,-43;284,250,57;222,254,-67;287,226,112;193,254,-23;276,211,170;186,253,-28;272,205,184;186,254,-21;269,205,177;188,253,-20;270,207,168;271,187,-28;291,189,28;253,146,-19;301,150,74;249,100,-12;314,110,102;253,93,-10;317,102,105;233,92,-21;302,108,98
244,255,59;243,259,44;242,259,44;242,260,44;244,259,56;245,260,56;246,260,56;245,261,-5;249,262,49;246,253,43;248,253,59;251,250,-44;283,249,58;219,254,-76;284,227,111;188,254,-44;272,213,166;181,253,-52;268,209,180;182,254,-43;265,208,171;184,253,-41;266,210,163;270,187,-28;290,189,28;252,145,-18;301,150,73;248,100,-9;314,110,101;252,92,-7;317,102,104;232,91,-19;301,108,95
243,255,72;241,259,57;241,259,57;241,259,57;243,259,69;243,260,69;244,260,69;245,260,8;248,261,64;245,253,56;246,253,72;250,250,-30;282,249,71;218,254,-59;283,228,132;186,254,-16;272,213,203;180,253,-21;268,210,219;180,254,-13;265,210,213;182,253,-12;266,211,202;269,187,-27;289,189,27;252,144,-19;301,150,60;247,99,-12;314,109,73;252,91,-10;317,102,75;231,90,-18;301,108,67
242,254,75;241,258,60;241,258,60;241,259,60;243,259,72;243,259,72;244,260,72;245,260,8;248,261,64;245,252,58;246,252,75;250,250,-30;281,249,70;220,254,-67;285,230,126;192,253,-36;271,218,189;184,253,-43;268,215,204;183,254,-35;264,215,196;189,253,-33;265,216,187;268,187,-27;289,189,27;251,144,-20;300,149,52;247,99,-14;314,109,56;252,91,-12;317,101,57;231,90,-22;300,108,47
242,254,68;242,258,53;242,258,53;242,258,53;243,258,65;243,259,65;244,259,65;246,259,2;249,260,60;245,252,52;246,252,69;252,250,-35;281,249,69;219,253,-71;284,230,125;188,253,-41;272,218,188;181,251,-48;269,215,204;181,252,-39;266,215,196;183,251,-37;267,216,187;269,186,-27;289,189,26;252,143,-16;300,148,58;247,97,-8;313,107,72;252,89,-6;317,99,74;232,89,-16;301,106,65
245,253,61;244,257,46;244,258,46;244,258,46;245,258,59;246,258,59;247,258,59;249,259,0;251,260,56;248,251,45;249,251,63;255,250,-43;282,249,66;225,251,-116;289,229,106;195,252,-138;281,206,138;188,248,-155;280,201,148;187,248,-143;277,201,137;190,249,-135;277,203,134;270,184,-28;290,187,28;253,142,-14;301,147,66;248,94,1;314,106,89;253,87,2;317,97,92;232,88,-14;301,105,75
247,253,65;247,257,50;247,257,50;247,257,50;247,257,63;248,258,63;249,258,63;251,259,0;253,260,58;250,251,49;251,252,66;257,250,-42;283,249,67;228,246,-99;291,225,115;202,250,-84;283,206,162;196,248,-94;281,201,174;196,249,-85;279,201,165;199,249,-80;279,203,160;272,182,-28;290,184,28;253,142,-17;301,145,54;249,94,-2;314,105,59;254,86,0;318,96,60;236,88,-10;304,102,48
252,253,66;251,257,51;251,257,51;251,258,51;252,258,63;253,258,63;253,258,63;254,259,0;258,260,57;254,251,51;255,252,67;258,248,-39;287,248,70;229,239,-32;291,222,128;217,249,41;276,206,181;215,249,41;273,203,193;217,250,42;272,204,187;218,249,43;272,205,180;273,180,-29;293,183,29;254,141,-27;303,142,47;250,92,-21;316,101,42;254,85,-19;320,93,42;239,86,-23;310,98,35
260,254,63;258,258,47;258,258,47;257,258,47;260,258,60;260,258,60;261,259,60;259,259,-6;265,260,50;261,252,47;263,252,64;266,248,-43;292,248,70;245,234,-37;289,223,130;235,248,36;270,227,196;230,250,38;266,230,211;234,251,40;265,231,207;235,251,40;265,230,196;277,180,-29;298,181,29;258,140,-27;307,141,43;253,92,-19;320,99,30;256,85,-17;322,90,29;241,85,-21;315,96,22
