234,266,-117;235,270,-108;236,270,-108;236,270,-108;233,270,-120;232,271,-120;231,272,-120;235,270,-56;223,273,-109;234,262,-95;231,263,-111;239,249,-17;201,255,-109;249,226,-59;212,227,-168;256,250,-149;232,253,-209;259,256,-167;236,259,-228;259,264,-165;234,262,-223;256,258,-152;232,259,-208;231,188,21;208,187,-21;246,153,8;203,142,14;260,113,72;195,110,114;258,106,77;195,106,122;276,98,34;192,93,73
234,264,-113;235,269,-105;236,269,-105;236,269,-105;233,269,-119;232,270,-119;231,271,-119;234,270,-52;224,272,-112;234,261,-91;231,262,-109;237,250,-8;201,255,-109;247,225,-46;212,227,-158;256,247,-148;231,253,-195;258,252,-166;235,261,-213;257,256,-165;232,263,-211;255,254,-151;230,260,-195;231,189,22;208,188,-22;246,153,3;203,144,30;260,113,40;195,110,130;258,106,42;195,106,138;275,98,-6;192,93,90
234,264,-112;235,268,-104;236,268,-104;236,269,-104;233,269,-118;232,270,-118;231,270,-118;234,270,-52;224,272,-113;234,261,-90;231,261,-108;236,249,-10;201,255,-109;245,220,-49;213,227,-152;254,239,-149;232,254,-178;254,241,-168;236,262,-194;254,244,-168;232,264,-194;252,244,-153;231,261,-178;231,189,22;208,188,-22;247,153,0;204,144,39;260,113,33;195,110,144;258,106,36;195,106,152;276,98,-12;192,94,106
234,264,-107;235,268,-99;236,268,-99;236,269,-99;233,269,-112;232,269,-112;231,270,-112;234,270,-45;224,272,-104;234,261,-85;231,261,-103;235,249,-7;201,255,-103;245,223,-38;219,227,-146;243,241,-121;232,257,-163;241,244,-137;236,264,-178;239,249,-135;232,266,-178;238,247,-123;231,263,-163;231,190,22;208,188,-22;247,154,-5;204,144,31;260,113,43;195,110,135;258,106,47;195,106,144;275,98,0;192,94,96
234,263,-104;235,268,-96;236,268,-96;236,268,-96;233,268,-110;232,269,-110;231,269,-110;234,270,-45;225,271,-105;234,260,-83;231,261,-101;235,249,-7;201,254,-110;251,231,-43;222,234,-155;258,257,-130;237,258,-178;259,261,-146;240,264,-195;257,264,-145;235,266,-193;258,264,-133;236,266,-178;231,190,22;208,188,-22;248,153,-6;204,144,29;260,113,40;195,110,137;258,106,44;195,106,146;275,98,-3;192,94,100
234,263,-106;236,267,-98;236,268,-98;236,268,-98;234,268,-111;233,268,-111;231,269,-111;233,270,-47;225,271,-115;234,260,-85;231,260,-101;234,249,-8;201,255,-123;253,235,-43;220,233,-174;262,261,-131;241,258,-187;264,267,-148;244,264,-206;263,270,-148;239,266,-203;263,267,-135;241,266,-186;231,190,22;208,188,-22;250,154,-6;204,144,22;260,113,46;195,110,134;258,106,50;195,106,143;275,98,3;192,94,98
234,263,-112;236,267,-103;236,268,-103;236,268,-103;234,268,-118;233,268,-118;231,269,-118;233,270,-51;225,271,-118;234,260,-90;231,260,-109;234,250,-12;201,255,-125;253,236,-50;220,232,-187;261,262,-140;242,258,-214;263,269,-159;246,264,-234;264,272,-160;246,266,-229;262,269,-145;245,266,-212;231,190,22;208,188,-22;252,154,-4;203,144,20;261,114,70;195,110,144;259,107,77;195,106,154;275,98,29;192,94,108
234,263,-116;236,267,-108;236,268,-108;237,268,-108;234,268,-121;233,268,-121;231,269,-121;234,270,-55;225,271,-118;234,260,-95;231,260,-112;236,250,-21;201,255,-119;253,234,-67;219,232,-184;260,262,-155;242,257,-229;262,270,-174;243,264,-250;263,273,-171;241,266,-245;261,270,-158;243,265,-228;231,190,18;208,188,-18;252,154,-4;202,144,19;263,115,80;195,110,138;260,109,86;195,106,148;274,98,35;192,94,102
234,263,-130;236,267,-123;236,267,-123;237,267,-123;233,268,-133;232,268,-133;231,269,-133;235,269,-69;225,271,-117;234,259,-108;231,260,-121;239,250,-31;200,255,-104;251,225,-76;213,229,-165;250,249,-166;233,256,-219;249,255,-184;236,263,-239;248,259,-181;233,265,-235;247,257,-168;232,264,-218;232,191,13;208,188,-13;253,154,-10;201,144,20;264,116,74;195,110,140;261,109,81;195,107,150;273,98,29;192,94,101
233,263,-135;235,268,-127;236,268,-127;237,268,-127;232,269,-136;230,269,-136;229,270,-136;235,269,-70;224,272,-111;233,259,-112;230,260,-123;240,251,-29;200,255,-93;251,225,-77;209,228,-164;260,249,-176;227,256,-240;264,256,-195;230,262,-262;262,260,-194;227,265,-258;260,257,-179;225,264,-240;233,191,10;209,189,-10;253,154,-9;200,146,18;264,115,72;194,110,132;262,109,78;195,107,141;273,98,26;191,94,86
232,264,-143;234,269,-135;235,269,-135;236,269,-135;231,269,-142;229,270,-142;228,271,-142;236,270,-76;224,272,-108;233,260,-119;229,261,-128;242,252,-32;201,255,-87;259,230,-76;205,227,-160;271,249,-170;222,256,-242;275,257,-188;223,264,-264;274,261,-187;222,267,-260;269,261,-173;220,264,-242;234,191,8;209,190,-8;253,154,-10;200,147,-2;264,115,72;194,110,100;262,109,78;196,107,107;273,98,25;191,94,53
232,266,-152;234,271,-144;235,271,-144;236,271,-144;231,271,-149;229,271,-149;228,272,-149;236,271,-85;224,272,-108;233,263,-128;229,263,-136;244,253,-33;202,255,-93;267,240,-33;202,227,-169;293,250,-82;215,256,-272;304,252,-91;217,264,-297;306,253,-101;217,268,-293;302,253,-88;215,264,-273;234,191,10;209,190,-10;253,154,-5;199,148,-10;264,116,88;194,111,91;262,109,95;196,107,98;272,98,40;190,95,41
232,267,-194;234,271,-186;235,271,-186;236,271,-186;231,271,-190;229,271,-190;228,272,-190;236,272,-125;224,273,-138;233,263,-169;229,263,-173;247,255,-63;204,256,-114;273,250,-36;200,228,-201;308,250,-104;212,257,-314;316,252,-114;215,264,-342;317,253,-126;216,268,-339;314,252,-111;215,264,-317;234,191,10;209,191,-10;253,153,-6;199,148,-7;264,115,92;194,111,98;262,109,99;196,107,106;272,98,38;190,95,44
232,268,-172;234,272,-164;235,272,-164;236,272,-164;231,272,-169;229,272,-169;228,273,-169;236,272,-104;224,273,-127;233,264,-148;229,264,-154;246,256,-50;206,256,-110;274,255,-47;200,228,-192;307,256,-95;213,258,-299;315,254,-105;214,265,-326;317,255,-118;215,268,-323;313,253,-103;215,265,-302;234,192,11;209,192,-11;253,153,-6;199,148,-26;264,115,96;194,111,72;262,109,103;196,107,79;273,98,45;190,95,17
232,268,-158;234,272,-150;235,272,-150;236,272,-150;230,272,-166;229,273,-166;227,273,-166;236,272,-92;224,273,-93;233,265,-134;229,265,-142;247,257,-43;207,256,-70;275,257,-50;199,231,-145;299,260,-108;203,258,-270;308,258,-121;203,265,-293;305,256,-131;204,268,-290;301,257,-114;204,265,-270;234,192,7;209,192,-7;253,153,-14;198,148,-21;264,115,83;194,112,68;262,110,90;196,107,74;273,98,29;190,96,14
231,269,-159;232,273,-152;233,273,-152;234,273,-152;228,273,-156;227,273,-156;226,273,-156;235,273,-99;223,273,-96;232,265,-137;228,265,-139;248,257,-50;208,256,-70;276,254,-73;199,231,-138;300,260,-137;203,259,-257;308,259,-153;202,265,-285;307,259,-160;202,268,-289;302,259,-143;203,265,-263;234,192,4;209,193,-4;253,153,-12;198,149,-13;264,116,83;194,112,76;262,110,89;196,107,83;273,98,31;189,96,22
229,270,-169;230,274,-161;232,274,-161;233,274,-161;226,274,-162;225,274,-162;223,274,-162;234,273,-104;221,273,-102;231,266,-146;226,266,-146;247,257,-56;207,255,-77;273,250,-100;198,231,-149;294,259,-190;199,259,-268;301,259,-210;199,266,-295;300,259,-214;200,268,-294;295,258,-195;201,265,-271;234,193,3;209,193,-3;253,153,-12;198,149,-11;264,116,94;194,111,87;262,110,102;196,106,94;273,98,45;189,95,36
227,270,-159;228,274,-152;230,274,-152;231,275,-152;224,274,-148;223,274,-148;221,274,-148;233,274,-97;219,273,-87;230,266,-139;224,266,-132;247,257,-50;207,255,-60;272,249,-106;197,231,-129;281,255,-211;200,258,-250;290,252,-235;199,266,-279;286,252,-238;200,268,-279;283,251,-216;201,265,-253;233,193,2;209,193,-2;252,154,-17;198,149,-10;264,116,84;194,111,88;262,110,92;196,106,96;273,98,33;190,95,37
226,270,-149;227,275,-142;229,275,-142;230,275,-142;223,274,-141;222,274,-141;220,274,-141;231,274,-88;218,274,-85;228,267,-128;223,266,-126;245,257,-49;205,255,-56;267,243,-93;197,230,-122;274,241,-195;202,256,-237;280,241,-217;202,265,-264;276,242,-221;202,266,-264;273,241,-200;203,263,-240;233,194,3;209,193,-3;252,154,-12;198,150,-13;264,117,88;194,111,77;262,111,95;196,106,83;273,99,40;190,95,24
226,270,-132;227,274,-125;228,275,-126;230,275,-126;223,274,-128;222,274,-128;220,275,-128;231,274,-70;217,274,-81;228,266,-109;223,266,-112;242,256,-24;203,256,-51;258,236,-63;198,227,-112;266,241,-191;204,252,-219;270,242,-199;205,259,-243;267,245,-210;205,262,-243;265,244,-188;205,260,-222;233,195,3;209,193,-3;251,155,-4;198,149,-20;263,117,87;194,111,58;261,111,93;196,106,63;273,99,39;190,95,6
226,270,-137;228,274,-130;229,275,-130;230,275,-131;224,274,-133;222,275,-133;221,275,-133;230,274,-75;217,274,-88;228,266,-114;223,267,-118;241,256,-30;202,257,-56;252,229,-71;198,225,-116;259,241,-182;205,251,-218;264,246,-200;206,259,-240;264,247,-202;206,262,-239;261,247,-184;206,259,-220;233,195,4;209,194,-4;251,155,-5;198,150,-17;262,116,79;194,111,67;260,110,85;196,106,73;272,99,32;190,95,17
227,270,-140;228,274,-133;229,274,-133;230,274,-133;224,274,-135;223,274,-135;221,274,-135;230,274,-77;218,274,-100;228,266,-117;224,266,-121;241,255,-32;201,256,-66;251,226,-78;198,223,-128;253,242,-183;206,251,-223;254,247,-203;208,259,-244;253,249,-201;207,263,-242;251,248,-185;208,260,-224;233,194,7;208,193,-7;251,154,-11;198,149,-15;261,115,65;194,111,74;259,109,70;196,107,81;272,99,18;190,95,22
228,269,-129;229,273,-124;230,273,-124;231,273,-124;226,273,-132;225,273,-133;224,274,-133;230,273,-73;219,273,-113;229,265,-107;225,265,-119;240,253,-23;201,256,-87;244,220,-54;201,221,-134;249,239,-153;210,249,-217;250,244,-170;217,256,-237;251,248,-171;211,261,-236;249,246,-156;212,258,-218;233,194,17;209,193,-17;251,153,0;198,149,-16;260,115,67;194,111,66;258,109,73;196,106,72;273,99,29;190,95,16
229,266,-133;230,271,-127;231,271,-127;232,271,-127;228,271,-135;226,271,-135;225,272,-135;231,271,-72;219,272,-114;230,263,-110;226,263,-121;240,252,-22;200,255,-91;243,218,-53;203,220,-144;250,238,-152;221,247,-219;252,244,-170;225,254,-239;253,248,-171;222,258,-237;250,246,-156;221,256,-219;233,192,15;208,191,-15;251,153,0;198,148,-5;260,115,70;194,111,85;257,109,77;196,106,91;273,99,29;190,95,35
231,264,-119;232,268,-114;232,269,-114;233,269,-114;230,269,-126;229,270,-126;228,270,-126;231,270,-68;223,272,-119;231,261,-98;228,261,-114;238,251,-20;200,255,-101;244,219,-41;206,219,-143;250,240,-129;225,248,-196;252,245,-144;228,254,-214;253,249,-146;224,258,-213;251,247,-133;223,257,-197;233,192,17;208,190,-17;251,154,7;198,148,0;259,115,72;194,111,86;257,109,78;196,106,92;273,99,30;190,95,38
233,263,-123;234,267,-118;234,267,-118;235,268,-118;232,268,-130;231,269,-130;230,269,-130;232,270,-70;225,271,-128;232,259,-102;230,261,-117;237,251,-23;199,255,-112;245,219,-44;208,220,-156;254,239,-131;227,249,-208;257,245,-146;231,255,-227;258,248,-149;227,259,-225;255,246,-135;226,257,-208;233,192,18;208,190,-18;250,154,11;199,148,9;258,115,89;194,111,109;256,109,94;196,106,116;272,99,46;190,95,62
234,263,-121;236,268,-115;236,268,-115;237,268,-115;234,268,-128;233,269,-128;231,270,-128;234,270,-65;226,271,-123;233,260,-100;231,261,-117;238,250,-21;200,255,-111;246,221,-50;209,220,-167;256,245,-138;230,249,-215;259,253,-154;235,255,-228;260,257,-155;232,259,-231;257,254,-142;230,257,-211;233,191,18;208,190,-18;250,154,11;200,147,22;259,115,86;194,111,128;256,108,92;196,106,136;272,99,41;191,95,83
236,263,-120;238,268,-113;238,268,-113;239,268,-113;235,269,-127;234,269,-127;233,270,-127;235,270,-61;227,272,-120;235,260,-98;232,261,-115;238,250,-14;200,255,-107;247,222,-41;211,221,-163;256,242,-136;230,249,-217;259,251,-153;235,256,-235;260,255,-155;232,259,-234;258,252,-141;231,257,-216;233,191,20;209,190,-20;250,154,23;201,147,10;259,115,97;194,111,112;256,108,102;196,106,121;273,99,54;191,94,65
239,264,-115;240,268,-108;240,268,-108;241,269,-108;238,269,-122;237,269,-122;236,270,-122;237,270,-56;229,272,-120;238,260,-93;235,261,-112;238,250,-9;202,255,-107;247,222,-41;213,221,-158;256,242,-140;232,249,-202;259,251,-157;237,256,-220;260,254,-159;234,259,-217;258,252,-145;233,257,-202;234,191,22;210,190,-22;249,154,26;203,147,9;259,115,98;194,111,104;256,108,103;196,106,111;273,99,56;191,94,56
240,264,-119;241,268,-111;242,268,-111;242,269,-111;239,269,-125;238,269,-125;237,270,-125;238,270,-57;230,272,-120;239,260,-96;236,261,-114;238,250,-9;203,255,-111;248,222,-43;216,222,-160;257,243,-142;235,252,-203;260,253,-159;239,259,-220;261,256,-160;236,261,-217;258,254,-146;235,259,-202;234,191,23;210,190,-23;249,154,23;204,147,8;259,115,93;194,111,103;256,108,98;196,106,109;273,100,50;191,94,55
