289,275,-50;288,279,-43;288,279,-43;288,280,-43;287,279,-58;285,280,-58;284,280,-58;283,280,-3;277,281,-70;286,272,-33;284,272,-53;281,267,34;252,264,-85;294,261,48;266,235,-76;293,258,11;287,250,-2;293,259,4;293,253,-2;291,260,3;292,257,-2;290,259,8;289,256,0;269,206,29;247,204,-29;295,177,-58;235,165,7;301,139,-5;227,132,111;296,132,-1;229,128,120;319,128,-43;225,117,77
289,275,-49;288,279,-42;288,279,-42;288,280,-42;287,279,-57;286,280,-57;284,280,-57;283,281,-2;277,282,-66;286,272,-32;284,272,-51;281,267,32;252,265,-79;294,256,34;266,235,-79;291,257,-19;287,251,-24;292,258,-28;294,253,-27;290,258,-29;292,257,-26;288,258,-22;290,256,-21;269,206,27;247,204,-27;295,176,-40;235,165,4;301,139,15;227,132,100;296,131,19;229,128,108;319,127,-21;225,117,63
289,276,-46;289,280,-39;289,280,-39;289,280,-39;287,280,-54;286,280,-54;285,281,-54;283,281,1;277,282,-61;286,272,-29;284,272,-48;281,267,34;252,266,-75;295,255,30;267,235,-78;295,257,-31;287,251,-18;295,259,-42;294,253,-21;294,259,-43;292,257,-21;293,258,-35;290,256,-16;270,206,26;247,204,-26;295,176,-36;235,166,3;301,138,15;227,132,95;296,131,19;228,128,102;319,127,-22;225,117,58
289,276,-51;289,281,-43;289,281,-43;289,281,-43;288,281,-56;287,281,-56;285,281,-56;284,282,0;278,283,-61;287,273,-32;285,273,-49;281,268,33;253,266,-75;296,259,25;267,236,-82;295,257,-36;287,251,-34;295,258,-47;294,253,-38;294,258,-48;292,257,-38;292,258,-39;290,256,-31;270,207,25;247,204,-25;295,176,-37;235,166,-1;301,138,18;227,132,87;296,131,22;228,129,94;319,127,-19;224,117,50
290,277,-51;290,281,-44;290,281,-44;290,281,-44;288,281,-57;287,281,-57;286,282,-57;284,282,0;278,283,-62;287,273,-33;286,273,-50;281,268,32;253,267,-76;296,260,18;268,236,-81;295,257,-54;287,251,-24;297,258,-67;294,254,-27;294,258,-68;292,258,-27;292,258,-58;290,257,-21;271,207,25;247,204,-25;295,176,-30;235,166,1;301,138,26;227,133,94;296,131,30;228,129,102;319,127,-11;225,117,58
290,277,-51;290,281,-43;290,281,-43;290,282,-43;289,281,-57;287,282,-57;286,282,-57;284,283,0;279,284,-63;288,274,-33;286,273,-50;282,269,33;253,267,-77;296,261,24;269,237,-81;295,257,-32;288,252,-22;297,257,-42;295,254,-25;294,257,-42;293,258,-25;292,258,-35;291,258,-19;271,207,25;248,204,-25;295,176,-32;235,166,0;301,138,27;227,133,91;296,131,31;228,129,98;319,127,-9;225,117,53
290,277,-50;290,282,-43;290,282,-43;290,282,-43;289,282,-57;288,282,-57;286,282,-57;285,283,0;279,284,-63;288,274,-32;287,274,-50;282,270,35;254,267,-78;297,263,29;270,238,-80;297,257,-30;289,252,-20;299,257,-41;296,255,-23;296,257,-43;294,258,-24;294,258,-34;292,258,-18;271,208,26;248,205,-26;295,176,-34;235,166,3;301,138,20;227,133,95;296,131,25;228,129,102;319,127,-13;225,117,56
291,278,-52;291,282,-44;290,283,-44;290,283,-44;289,282,-59;288,283,-59;287,283,-59;285,284,0;280,284,-68;288,275,-34;287,275,-53;282,270,34;255,267,-85;299,265,21;272,238,-86;300,261,-49;293,254,-23;302,262,-62;300,258,-26;299,262,-62;297,261,-27;297,261,-53;295,260,-21;272,208,27;249,205,-27;295,176,-19;236,167,7;301,138,32;227,133,95;296,130,36;228,129,102;319,127,-3;225,118,58
292,279,-51;291,283,-44;291,283,-44;291,283,-44;290,283,-60;289,283,-60;287,283,-60;285,284,-2;280,285,-72;289,275,-34;288,275,-54;282,270,32;256,267,-89;301,258,13;274,239,-89;303,263,-67;296,255,-24;306,265,-81;303,259,-27;303,265,-81;304,263,-27;300,264,-71;298,261,-21;272,208,28;250,205,-28;295,176,-9;237,167,7;301,138,45;227,133,93;296,130,49;228,129,100;319,127,10;225,118,57
293,278,-60;292,283,-52;292,283,-52;292,283,-52;290,283,-67;289,283,-67;288,283,-67;286,284,-5;281,284,-72;290,275,-41;288,275,-60;284,270,30;257,267,-88;307,264,-2;275,238,-91;305,264,-100;296,255,-33;308,264,-117;303,258,-37;305,264,-117;302,262,-38;303,263,-104;298,261,-30;274,208,28;252,205,-28;296,176,-28;239,167,7;301,138,17;227,133,93;296,130,20;228,129,100;319,127,-19;225,118,56
293,278,-50;292,282,-43;292,283,-43;292,283,-43;291,282,-58;290,283,-58;289,283,-58;286,284,1;282,284,-66;291,275,-32;289,275,-52;285,270,34;259,267,-83;307,264,4;277,238,-81;308,264,-91;296,255,-12;310,264,-107;303,258,-14;308,264,-107;301,261,-15;305,263,-95;298,260,-9;275,208,28;254,205,-28;299,176,-40;240,167,2;301,139,5;227,133,89;296,130,9;228,129,95;319,127,-30;225,118,53
294,278,-48;293,282,-40;293,283,-40;293,283,-40;292,282,-56;291,283,-56;289,283,-56;287,284,4;282,284,-63;291,275,-30;290,275,-50;285,270,37;261,265,-80;309,264,0;280,236,-75;306,264,-101;297,254,-3;308,264,-118;304,258,-4;306,263,-116;301,261,-5;304,263,-104;298,260,0;278,208,28;256,205,-28;303,177,-61;242,167,2;302,140,-15;227,133,90;296,132,-12;228,129,96;320,127,-52;225,118,54
295,278,-48;294,282,-41;294,282,-41;294,283,-41;293,282,-56;291,282,-56;290,283,-56;288,283,2;283,283,-66;293,274,-30;291,274,-50;286,270,32;262,263,-80;307,260,1;282,233,-73;305,263,-96;299,254,-5;307,263,-111;304,259,-7;305,263,-110;301,262,-7;303,262,-99;299,261,-2;280,208,27;258,205,-27;308,179,-59;242,166,0;304,141,-6;227,133,96;297,134,-7;228,129,104;320,127,-35;224,118,62
298,278,-42;297,282,-35;297,282,-35;296,282,-35;295,282,-51;294,282,-51;293,282,-51;290,283,3;286,283,-66;295,274,-26;293,274,-47;288,269,33;263,262,-80;307,260,4;284,232,-72;304,260,-91;300,254,-3;307,261,-107;305,259,-4;302,263,-105;301,262,-4;300,262,-94;299,261,0;283,208,28;261,204,-28;313,181,-56;244,166,-11;307,143,12;227,132,80;300,136,18;227,129,88;323,127,-16;224,118,45
300,276,-53;300,281,-47;300,281,-47;300,281,-47;299,280,-60;298,281,-60;296,281,-60;295,282,-7;290,282,-68;298,273,-37;296,273,-54;294,269,24;264,262,-78;310,260,-8;283,231,-73;304,257,-100;299,252,-29;306,257,-116;304,258,-33;301,259,-114;301,261,-31;300,259,-103;299,259,-26;287,209,25;264,205,-25;317,182,-63;246,166,-22;312,145,12;227,132,54;305,137,18;227,129,60;328,129,-15;224,118,16
305,276,-44;304,281,-37;304,281,-37;304,281,-37;303,281,-51;301,281,-51;300,281,-51;298,282,2;294,282,-60;302,273,-28;300,273,-46;297,269,28;267,262,-74;309,260,0;282,232,-73;308,257,-90;301,253,-27;311,257,-105;308,258,-29;308,258,-104;306,263,-27;306,257,-93;302,260,-23;290,209,25;267,205,-25;320,182,-58;248,168,-23;318,145,8;227,132,47;312,137,13;227,128,52;336,130,-18;225,118,10
309,277,-73;309,281,-63;309,281,-63;309,281,-63;307,281,-77;306,281,-77;304,282,-78;303,282,-13;298,282,-75;307,273,-53;304,273,-72;303,269,23;270,263,-87;312,260,25;281,234,-140;327,263,-21;302,253,-154;331,264,-28;309,257,-167;332,266,-33;309,262,-160;329,264,-26;305,259,-150;293,209,24;269,205,-24;322,182,-60;248,169,-21;325,145,5;227,133,44;319,138,10;227,129,49;343,130,-27;225,118,0
314,277,-78;314,281,-68;314,281,-68;314,281,-68;312,281,-83;311,281,-83;310,282,-83;307,282,-20;303,282,-85;311,272,-59;309,273,-78;309,268,16;274,264,-96;329,259,39;281,237,-171;351,266,13;304,254,-226;359,268,8;311,258,-246;360,269,-3;310,262,-240;357,268,6;308,260,-224;298,208,23;273,207,-23;324,181,-52;249,170,-68;331,144,37;228,134,10;326,137,44;229,130,15;346,130,2;225,118,-38
318,275,-116;317,279,-107;317,279,-107;317,280,-107;316,279,-120;315,280,-120;314,280,-120;311,281,-58;307,281,-117;315,271,-96;313,271,-113;316,268,-21;278,264,-117;343,262,-14;282,237,-184;375,268,-53;305,253,-244;384,268,-60;312,257,-266;385,269,-81;312,262,-261;382,268,-64;309,260,-243;300,207,19;276,207,-19;327,178,-51;250,171,-75;332,144,60;230,135,18;328,137,68;231,130,25;347,130,24;225,119,-30
321,273,-108;321,277,-99;321,277,-99;320,278,-99;319,277,-112;318,277,-112;317,278,-112;315,278,-50;310,279,-109;319,269,-88;317,269,-105;320,267,-15;283,263,-114;348,264,-10;284,236,-195;379,268,-51;303,251,-265;388,269,-60;311,254,-288;389,269,-80;309,258,-282;385,269,-61;307,257,-265;302,205,20;278,207,-20;330,177,-56;251,170,-65;332,144,56;232,136,30;327,137,66;232,132,38;347,130,27;228,120,-14
322,271,-104;321,275,-95;321,275,-95;321,275,-95;320,275,-108;319,275,-108;317,276,-108;316,276,-46;310,277,-106;320,268,-85;317,268,-103;320,264,-14;283,260,-116;350,264,-10;287,234,-197;378,267,-50;308,251,-261;388,268,-59;313,254,-283;388,269,-75;313,258,-276;385,269,-59;311,257,-260;305,203,21;280,205,-21;333,176,-56;253,170,-73;332,143,66;234,137,23;327,137,76;233,133,30;348,129,42;231,120,-21
321,270,-100;321,273,-91;321,274,-91;321,274,-91;319,274,-104;318,274,-104;317,274,-104;316,274,-44;310,275,-104;319,266,-82;317,266,-99;320,261,-13;283,258,-113;349,262,-11;288,233,-193;376,267,-51;307,242,-261;385,268,-61;309,242,-283;386,269,-75;312,247,-279;382,268,-59;310,248,-261;305,202,21;280,203,-21;335,175,-54;255,170,-69;332,143,65;236,136,27;327,136,74;237,133,34;348,129,39;232,120,-17
320,270,-97;320,274,-88;320,274,-88;320,274,-88;319,274,-102;317,274,-102;316,274,-102;315,274,-42;309,275,-103;319,266,-79;316,266,-97;320,260,-10;283,257,-114;346,260,-9;289,231,-196;370,267,-52;309,242,-256;379,267,-62;315,245,-278;379,268,-74;315,249,-271;376,268,-59;312,248,-255;305,202,21;280,202,-21;335,176,-59;256,168,-57;332,143,53;238,136,34;326,136,61;239,132,41;348,129,25;232,120,-8
319,269,-98;319,273,-89;319,273,-89;319,273,-89;317,273,-102;316,273,-102;315,274,-102;314,274,-41;308,275,-99;317,265,-79;315,265,-95;318,259,-10;282,258,-110;342,258,-29;289,231,-190;366,266,-95;312,244,-248;373,267,-109;319,247,-268;373,268,-117;319,251,-261;370,267,-102;317,250,-246;305,202,20;280,201,-20;333,176,-73;256,167,-52;332,143,33;238,136,37;327,136,42;239,132,44;348,129,5;232,121,-7
318,270,-96;318,274,-87;318,274,-87;318,274,-87;316,274,-100;315,274,-100;313,274,-100;313,274,-38;307,275,-99;316,266,-76;314,266,-93;317,260,-6;281,258,-109;335,255,-25;288,232,-179;355,265,-99;314,244,-219;366,267,-112;318,248,-236;364,268,-118;318,251,-230;361,267,-104;319,250,-216;303,202,19;279,201,-19;331,176,-72;255,167,-44;333,143,24;238,136,38;327,135,33;239,131,45;348,129,-5;232,121,-6
318,271,-98;318,275,-90;318,276,-90;318,276,-90;316,276,-103;315,276,-103;313,276,-103;312,276,-41;307,277,-101;315,267,-78;313,267,-96;315,261,-6;280,260,-108;327,253,-21;288,232,-174;343,263,-90;314,245,-213;349,266,-102;317,249,-233;350,267,-106;316,251,-224;347,266,-94;318,251,-215;302,202,18;278,202,-18;330,177,-53;255,167,-39;332,143,43;238,135,49;327,135,52;239,131,56;348,129,15;233,121,6
315,274,-74;315,279,-66;315,279,-66;315,279,-66;313,279,-79;312,279,-79;311,279,-79;309,280,-19;303,280,-79;312,270,-55;311,271,-73;310,263,19;278,262,-86;322,253,58;284,233,-145;335,262,58;306,247,-183;338,265,58;309,249,-197;337,267,54;310,252,-192;335,266,56;309,251,-181;300,205,18;276,203,-18;325,178,-13;254,167,-27;332,143,71;238,135,56;327,135,78;238,130,62;348,129,43;233,121,14
312,277,-80;312,281,-71;312,281,-71;311,282,-71;310,281,-85;309,281,-85;307,282,-85;305,282,-24;300,283,-82;310,273,-61;308,273,-78;305,266,11;275,264,-86;321,261,40;281,234,-122;324,263,34;302,248,-123;327,265,32;307,250,-133;324,267,29;307,253,-130;321,266,32;305,252,-121;297,208,19;274,205,-19;322,179,-12;254,168,-5;331,143,61;237,135,69;327,136,67;238,130,75;347,130,32;233,121,28
309,278,-77;309,282,-69;309,283,-69;309,283,-69;307,282,-82;306,282,-82;305,283,-82;302,283,-25;297,284,-80;307,274,-59;305,274,-75;303,268,9;273,265,-85;321,266,-3;280,234,-117;315,263,-57;299,248,-109;316,264,-69;305,250,-119;313,265,-69;304,253,-117;312,265,-59;303,252,-107;294,209,18;272,206,-18;320,180,-51;254,169,6;324,143,1;237,135,83;318,136,5;238,130,89;340,130,-36;233,121,42
306,280,-72;306,284,-64;306,284,-64;306,284,-64;304,284,-76;303,284,-76;301,284,-76;300,284,-19;294,285,-71;304,275,-54;302,276,-69;300,268,10;271,265,-77;316,265,-20;280,235,-102;309,258,-97;299,249,-78;311,261,-112;306,251,-84;306,261,-111;305,254,-81;305,261,-100;302,253,-74;292,210,17;271,206,-17;318,181,-75;254,169,6;316,143,-13;237,135,96;309,136,-9;238,130,103;331,130,-53;233,121,55
