272,277,-85;272,282,-79;272,282,-79;272,282,-79;270,281,-91;269,282,-91;268,282,-91;266,283,-40;260,283,-90;270,273,-69;268,273,-83;269,267,-8;235,264,-93;287,261,-42;249,237,-99;283,263,-122;274,252,-55;283,262,-137;281,256,-61;280,263,-136;279,260,-59;279,262,-125;277,259,-52;256,209,17;232,209,-17;279,180,-45;220,171,-27;286,143,28;215,137,62;282,137,34;218,131,69;302,132,-6;207,124,23
272,277,-67;272,282,-60;272,282,-60;272,282,-60;270,281,-73;269,282,-73;267,282,-73;266,283,-19;260,283,-75;269,273,-50;267,273,-66;267,267,7;235,265,-80;284,259,-33;249,237,-96;283,261,-128;273,252,-63;283,261,-146;280,256,-70;279,262,-145;279,260,-67;278,261,-131;276,259,-60;256,209,16;232,208,-16;280,180,-53;220,171,-12;286,143,8;216,137,78;282,137,12;218,132,85;302,132,-28;207,124,43
272,277,-71;272,282,-64;272,282,-64;272,282,-64;270,281,-76;269,282,-76;267,282,-76;266,283,-21;260,283,-75;269,273,-53;267,273,-69;267,268,8;235,266,-79;285,259,-30;249,238,-96;283,261,-128;272,252,-68;283,261,-144;280,256,-76;280,262,-143;278,260,-74;278,261,-131;275,259,-66;256,210,16;232,208,-16;280,180,-60;219,170,-17;286,143,5;216,138,73;282,136,10;218,133,80;301,131,-32;208,125,35
272,278,-57;272,282,-49;272,282,-49;272,282,-49;270,282,-62;269,282,-62;267,283,-62;266,283,-6;261,283,-61;269,274,-39;267,274,-55;267,268,22;236,266,-66;285,259,-13;249,238,-82;284,261,-105;272,252,-49;284,261,-122;279,256,-54;281,262,-119;277,259,-52;280,261,-108;275,259,-46;256,210,16;233,208,-16;280,180,-57;219,170,-27;286,143,9;216,138,56;282,136,14;219,133,62;301,131,-26;208,125,19
272,278,-52;272,282,-45;272,282,-45;272,282,-45;271,282,-57;269,282,-57;268,283,-57;267,283,-2;261,284,-59;270,274,-35;268,274,-51;267,268,24;236,267,-64;284,258,-6;249,239,-77;286,261,-99;271,252,-43;286,261,-114;279,256,-48;284,262,-113;277,259,-46;282,261,-101;274,258,-40;257,210,16;233,208,-16;280,180,-55;219,170,-28;286,143,13;216,138,53;282,136,18;219,133,59;301,131,-22;208,125,17
273,278,-53;273,282,-45;273,282,-45;273,283,-45;272,282,-58;270,283,-58;269,283,-58;268,283,-3;262,284,-60;271,274,-35;269,274,-52;267,269,24;237,267,-65;284,258,-4;249,239,-78;287,261,-96;271,252,-42;287,261,-112;279,256,-47;285,262,-111;277,259,-46;283,261,-99;275,258,-39;257,210,16;234,208,-16;281,180,-52;219,170,-28;286,143,16;216,138,56;282,136,21;219,133,62;301,131,-17;208,125,19
275,278,-47;274,282,-41;274,282,-41;274,283,-41;273,282,-54;272,283,-54;271,283,-54;269,283,-2;264,284,-58;272,274,-31;271,274,-47;268,269,24;238,267,-63;285,253,-1;250,239,-71;287,260,-88;271,253,-31;288,260,-103;280,256,-34;286,262,-103;277,260,-32;284,261,-91;275,259,-28;258,210,16;234,208,-16;281,180,-47;219,170,-29;286,143,21;216,138,52;282,136,26;219,133,58;301,131,-11;208,125,17
276,278,-42;276,282,-35;276,283,-35;275,283,-35;274,282,-49;273,283,-49;272,283,-49;270,283,1;265,284,-58;273,274,-26;272,275,-44;268,269,27;239,267,-64;283,254,6;250,240,-69;287,259,-74;272,253,-23;289,260,-88;280,256,-26;288,262,-88;278,260,-24;286,261,-77;276,259,-20;259,210,17;235,208,-17;281,180,-37;220,170,-23;286,143,30;216,138,60;282,136,34;219,133,66;301,131,-3;208,125,27
277,278,-40;277,282,-34;277,282,-34;277,283,-34;276,282,-48;275,282,-48;274,283,-48;271,283,0;267,284,-61;275,274,-26;273,275,-44;269,269,25;240,267,-67;280,252,11;251,240,-70;287,258,-63;272,253,-24;289,260,-75;280,256,-27;290,261,-76;279,260,-25;287,260,-66;276,259,-21;260,210,17;236,208,-17;282,179,-31;220,170,-17;286,143,37;216,139,67;282,136,42;219,134,74;301,131,5;208,125,35
278,278,-46;278,282,-39;278,282,-39;278,282,-39;277,282,-53;275,282,-53;274,283,-53;271,283,0;267,284,-61;275,274,-30;274,275,-48;270,269,25;240,267,-68;287,256,0;253,240,-82;289,259,-81;274,252,-52;291,259,-94;281,254,-58;289,260,-94;280,258,-56;287,259,-84;278,257,-49;261,210,18;237,208,-18;284,179,-41;221,170,-17;286,143,26;215,139,66;282,136,31;218,134,73;302,131,-6;209,125,32
279,278,-48;278,282,-41;278,282,-41;278,282,-41;277,282,-54;276,282,-54;274,282,-54;272,283,-1;267,284,-59;276,274,-31;274,274,-48;272,269,24;242,266,-66;296,258,-3;255,239,-84;291,259,-86;275,251,-64;291,259,-103;282,253,-73;288,260,-96;280,256,-71;287,259,-86;278,256,-62;263,210,17;240,208,-17;287,179,-70;222,170,-26;286,143,9;215,139,60;282,137,15;218,134,67;302,131,-21;209,125,24
280,278,-50;279,281,-43;279,282,-43;279,282,-43;278,281,-56;277,282,-56;275,282,-56;272,282,-2;268,283,-59;277,274,-33;276,274,-50;274,268,23;244,265,-67;299,259,-12;258,239,-92;291,258,-98;279,251,-75;291,259,-116;285,253,-85;288,260,-110;285,256,-82;287,259,-99;281,256,-73;265,209,17;242,207,-17;292,180,-90;223,169,-37;287,144,0;214,139,59;282,138,9;217,134,67;303,131,-28;209,125,23
282,277,-50;281,281,-42;281,281,-42;280,281,-42;279,281,-55;278,281,-55;277,281,-55;274,281,0;270,282,-57;279,273,-33;278,273,-50;276,267,24;246,263,-68;300,261,-17;263,237,-93;291,258,-103;283,251,-67;289,259,-120;289,254,-75;285,260,-115;288,257,-72;283,260,-104;285,256,-64;268,208,17;244,206,-17;297,181,-93;224,169,-36;291,145,0;214,139,65;285,139,8;216,135,74;305,131,-28;209,125,33
285,277,-38;284,281,-30;284,281,-30;283,281,-30;282,281,-44;281,281,-44;280,281,-44;278,281,10;273,281,-49;282,273,-22;280,273,-40;279,266,35;249,262,-66;297,260,5;267,236,-88;291,257,-69;287,251,-44;290,258,-83;293,255,-49;287,258,-81;291,257,-45;286,258,-72;288,256,-40;270,208,19;247,206,-19;303,183,-80;226,170,-38;296,146,4;214,139,66;290,140,12;216,134,75;312,131,-24;209,125,35
289,277,-55;288,281,-47;287,281,-47;287,281,-47;286,281,-58;285,281,-58;284,281,-58;282,281,-3;277,282,-54;286,273,-38;284,273,-51;284,266,20;253,263,-65;302,262,-27;266,237,-100;292,256,-113;287,251,-89;290,255,-132;293,255,-100;287,256,-129;292,257,-95;287,255,-116;290,256,-86;276,208,18;253,206,-18;308,184,-78;231,171,-34;304,147,4;214,139,52;297,141,12;216,135,58;321,132,-24;210,125,14
293,277,-101;293,281,-93;293,281,-93;293,281,-93;291,281,-103;290,281,-103;288,281,-103;288,281,-42;282,282,-84;292,273,-81;289,273,-93;292,266,-11;258,264,-84;312,264,-65;268,238,-149;303,257,-159;289,253,-183;302,256,-180;296,256,-200;299,256,-177;295,260,-194;298,256,-161;293,258,-181;282,208,17;259,207,-17;313,185,-91;234,173,-34;314,148,-2;214,139,40;308,141,5;216,135,45;331,134,-34;211,125,-4
300,278,-76;300,282,-69;300,282,-69;300,282,-69;298,282,-81;297,282,-81;296,283,-81;294,283,-42;289,284,-69;298,274,-59;296,275,-75;298,267,10;264,266,-66;312,260,-23;269,239,-118;320,261,-143;292,254,-142;322,262,-158;300,257,-155;322,264,-152;299,261,-150;319,263,-157;297,259,-139;289,210,16;266,209,-16;318,185,-87;238,175,-48;324,149,1;215,139,10;319,142,8;216,135,14;340,135,-31;212,125,-35
307,278,-65;307,282,-57;307,282,-57;307,282,-57;305,282,-68;304,283,-68;302,283,-68;302,283,-23;295,284,-61;305,274,-49;303,275,-63;305,267,12;270,267,-55;320,255,-6;273,239,-111;335,263,-86;294,254,-162;342,266,-98;301,257,-176;342,269,-102;300,261,-171;340,268,-91;298,259,-160;296,210,12;271,211,-12;323,185,-57;242,176,-62;334,149,32;222,140,13;329,143,39;224,135,18;348,135,2;212,127,-28
312,277,-81;312,281,-73;313,281,-73;313,281,-73;311,282,-85;310,282,-85;308,283,-85;307,282,-30;301,284,-81;310,274,-64;308,274,-79;311,267,2;275,267,-75;332,256,10;278,239,-137;355,266,-32;300,254,-200;363,268,-40;306,257,-218;363,270,-51;306,261,-214;361,269,-39;304,259,-199;301,210,12;276,211,-12;328,183,-45;246,176,-70;341,149,48;232,144,19;337,143,55;235,139,25;354,134,13;218,130,-22
318,274,-134;318,278,-126;318,278,-126;318,279,-126;316,278,-138;315,279,-138;314,279,-138;312,279,-80;307,281,-133;316,271,-115;314,271,-131;318,266,-43;281,266,-120;346,259,-36;282,236,-179;376,266,-62;305,252,-248;387,267,-83;312,255,-270;388,268,-84;312,257,-265;385,267,-55;310,257,-247;307,210,11;282,211,-11;333,180,-29;251,177,-72;345,149,76;244,147,21;342,143,84;247,143,36;355,134,37;230,133,-12
323,272,-123;323,276,-115;323,276,-115;323,276,-115;321,276,-126;320,276,-126;319,276,-126;317,276,-68;312,277,-118;321,268,-105;319,268,-119;323,263,-37;285,261,-112;351,259,-41;287,234,-181;378,265,-66;306,247,-254;389,266,-92;313,250,-276;389,267,-98;312,253,-271;385,267,-74;310,252,-253;309,207,11;285,209,-11;337,179,-46;256,176,-93;347,148,54;254,149,29;343,143,62;258,145,39;356,134,18;243,134,-8
325,268,-127;325,272,-118;325,272,-118;324,272,-118;323,272,-130;322,272,-130;321,272,-130;319,273,-72;314,273,-124;322,265,-108;320,265,-124;324,261,-44;287,258,-122;351,259,-53;292,232,-190;378,265,-99;315,247,-249;387,265,-113;322,250,-271;387,267,-122;320,253,-264;383,266,-106;318,252,-248;314,204,11;289,205,-11;342,177,-64;261,176,-110;347,146,55;263,148,25;342,141,65;269,144,36;356,134,24;255,133,-7
325,267,-114;325,271,-106;325,271,-106;325,271,-106;323,271,-117;322,271,-117;321,271,-117;319,271,-59;314,272,-110;323,264,-96;321,264,-111;325,260,-31;288,254,-109;351,259,-39;294,228,-174;378,265,-86;317,244,-235;386,265,-97;323,248,-256;386,266,-108;322,250,-250;383,266,-93;320,249,-234;317,202,10;291,202,-10;345,176,-72;266,174,-102;347,146,52;270,147,23;342,141,62;275,143,33;358,133,23;257,132,-10
325,267,-106;325,271,-97;325,271,-97;325,271,-97;323,271,-109;322,271,-109;321,271,-109;320,271,-51;314,272,-103;324,263,-88;321,263,-103;326,259,-24;289,254,-102;353,258,-34;295,227,-167;379,264,-75;317,242,-230;387,265,-87;323,246,-251;387,266,-97;322,248,-245;384,266,-83;320,247,-229;317,201,11;291,201,-11;346,175,-76;267,172,-92;347,145,48;269,147,29;342,140,59;274,142,42;357,133,21;258,132,2
324,267,-103;323,271,-94;324,271,-94;324,271,-94;322,271,-106;320,271,-106;319,272,-106;319,271,-49;312,273,-103;322,264,-85;320,264,-100;325,259,-21;289,254,-101;352,258,-27;295,227,-161;375,264,-71;316,242,-224;385,265,-82;322,245,-245;385,266,-92;322,248,-240;381,266,-78;320,247,-224;316,202,11;291,202,-11;345,175,-66;266,172,-87;346,145,56;265,147,30;342,140,65;269,143,42;357,133,27;256,132,1
322,268,-114;322,272,-104;323,272,-104;323,272,-104;321,272,-114;319,272,-114;318,272,-114;318,273,-53;312,273,-100;321,265,-94;319,265,-107;324,260,-26;287,255,-100;350,258,-37;293,228,-163;371,265,-85;314,244,-230;380,266,-97;320,248,-252;380,267,-107;320,250,-246;376,266,-91;318,249,-229;314,202,10;289,203,-10;342,176,-71;263,173,-114;346,145,47;263,148,9;342,140,57;267,145,19;357,133,18;256,132,-24
321,271,-111;321,274,-102;321,275,-102;321,275,-102;319,275,-111;318,275,-111;316,276,-111;316,276,-51;310,278,-95;319,267,-90;317,268,-103;322,261,-23;285,259,-85;346,257,-65;291,232,-162;369,264,-153;313,247,-227;376,266,-171;319,251,-247;372,267,-172;318,254,-241;369,266,-157;316,252,-225;312,206,9;287,207,-9;339,176,-62;261,176,-113;346,145,59;260,149,9;342,140,69;265,146,19;356,133,25;253,132,-31
320,274,-93;319,278,-85;320,278,-85;320,278,-85;318,278,-95;317,279,-95;315,279,-95;315,279,-38;309,281,-83;318,270,-74;316,271,-87;321,264,-12;284,264,-73;340,255,-52;291,237,-137;354,264,-140;311,251,-200;360,266,-157;317,255,-219;358,268,-157;317,258,-213;356,267,-143;315,256,-198;310,209,8;286,211,-8;337,177,-31;260,178,-97;344,145,79;258,149,13;341,140,89;263,145,22;355,133,49;251,132,-25
319,276,-51;319,280,-43;319,280,-43;319,280,-43;318,281,-54;317,281,-54;315,282,-54;314,281,0;308,284,-49;316,273,-34;314,274,-48;318,266,24;282,268,-40;333,251,0;286,239,-85;345,264,-74;303,253,-133;349,267,-87;309,256,-145;347,270,-86;309,259,-141;345,269,-76;307,258,-131;308,212,9;284,213,-9;332,179,-34;258,178,-61;343,146,64;252,148,30;340,140,73;255,145,37;355,133,34;243,132,-6
315,277,-44;317,281,-37;317,281,-37;317,281,-37;315,281,-48;314,282,-48;313,282,-48;312,282,4;306,285,-46;313,274,-27;311,275,-42;314,267,29;279,270,-38;326,248,1;281,239,-90;335,263,-82;301,255,-140;337,266,-96;308,259,-154;336,269,-95;308,263,-147;335,268,-84;306,261,-138;304,213,9;281,214,-9;328,182,-58;254,177,-68;335,147,52;244,147,31;330,141,62;247,143,39;347,133,25;236,132,-5
