271,278,-104;271,283,-98;271,283,-98;271,284,-98;269,283,-111;268,283,-111;267,284,-111;266,284,-52;260,284,-109;269,274,-85;267,274,-102;268,269,-4;236,265,-113;281,264,4;251,237,-113;276,257,-41;271,254,-65;276,256,-52;276,258,-72;273,257,-56;276,262,-74;272,257,-46;275,261,-64;251,209,26;227,209,-26;275,178,-42;215,168,-23;285,140,26;202,133,59;280,132,31;202,128,64;302,130,-9;201,118,10
271,278,-97;271,283,-90;271,283,-90;271,283,-90;270,283,-105;268,283,-105;267,284,-105;266,284,-43;260,284,-108;269,274,-77;267,274,-96;266,270,0;235,265,-115;281,261,-11;251,238,-127;277,260,-94;272,254,-94;277,260,-111;278,258,-105;275,261,-113;278,262,-105;274,260,-99;276,261,-92;251,209,28;227,208,-28;275,177,10;215,168,-7;285,140,81;203,133,67;280,132,87;202,128,73;302,130,54;201,118,24
272,278,-78;271,283,-71;271,283,-71;271,283,-71;270,283,-86;269,283,-86;267,284,-86;266,284,-26;260,284,-92;269,275,-59;267,274,-78;265,270,13;235,266,-104;279,258,0;251,238,-114;277,260,-72;271,253,-73;278,261,-87;278,256,-82;276,261,-89;278,261,-80;274,260,-76;274,259,-70;251,209,29;227,207,-29;275,177,11;214,168,0;285,141,74;203,133,78;280,132,79;202,128,83;302,130,45;201,118,37
272,278,-79;272,283,-72;272,283,-72;272,283,-72;270,283,-87;269,283,-87;268,284,-87;266,284,-27;261,284,-93;270,275,-60;268,275,-79;265,270,13;235,266,-103;277,256,4;251,238,-111;277,260,-69;271,253,-70;279,260,-83;278,256,-78;277,261,-87;278,260,-77;275,260,-74;274,259,-67;251,209,29;227,207,-29;275,177,14;214,168,2;285,141,83;203,133,83;280,132,88;202,129,88;302,130,55;201,118,42
273,278,-87;272,283,-73;272,283,-73;272,283,-73;271,283,-88;270,283,-88;268,284,-88;267,284,-33;261,284,-96;271,275,-63;269,275,-81;265,270,9;235,267,-105;282,263,-11;251,238,-121;282,263,-97;271,252,-89;283,262,-115;278,254,-100;281,261,-116;278,258,-100;280,261,-102;274,258,-87;251,209,29;228,206,-29;275,177,-2;214,168,0;285,141,65;203,133,80;280,132,70;202,129,85;301,130,33;202,118,36
273,278,-93;273,283,-79;273,283,-79;273,283,-79;271,283,-94;270,283,-94;268,284,-94;267,284,-35;261,284,-97;271,275,-67;269,275,-86;265,270,8;236,267,-106;283,265,-14;250,239,-123;284,263,-99;271,252,-93;284,263,-116;278,253,-103;282,262,-118;277,258,-103;281,262,-103;274,257,-91;251,209,29;228,206,-28;275,177,-5;214,168,0;285,141,61;203,134,80;280,132,66;202,129,86;301,129,29;202,119,36
274,278,-92;273,283,-82;273,283,-82;273,283,-82;272,283,-96;271,283,-96;269,284,-96;268,284,-31;262,284,-92;272,275,-69;270,275,-87;265,270,14;236,267,-102;284,266,-13;250,239,-121;286,264,-84;270,251,-90;288,264,-100;278,252,-100;284,264,-103;277,256,-100;282,263,-89;274,256,-88;252,209,29;229,206,-28;275,177,-5;214,168,-2;285,141,58;203,134,78;280,132,64;202,129,82;301,129,26;202,119,34
274,278,-71;274,283,-63;274,283,-63;274,283,-63;272,283,-77;271,283,-77;270,284,-77;268,284,-15;263,284,-78;272,275,-51;270,275,-70;265,270,24;237,267,-95;284,261,-11;252,239,-112;286,263,-113;275,251,-71;288,264,-134;282,253,-80;284,261,-135;282,257,-79;283,261,-118;277,257,-69;253,209,29;230,206,-29;277,177,-14;215,168,-6;285,141,34;203,134,60;280,132,38;202,129,64;302,129,2;202,119,18
275,278,-65;274,282,-56;274,283,-56;274,283,-56;273,282,-72;272,283,-72;270,283,-72;268,283,-9;263,284,-78;272,274,-45;271,275,-65;266,269,27;238,267,-96;284,253,-8;256,238,-112;291,263,-119;278,251,-68;294,263,-139;287,253,-76;291,262,-141;287,258,-75;289,261,-124;284,257,-66;254,208,29;232,206,-29;280,177,-33;216,168,0;285,141,15;202,134,78;280,132,19;202,129,84;302,129,-17;202,119,41
275,277,-70;275,281,-61;275,282,-61;275,282,-61;274,282,-76;272,282,-76;271,282,-76;269,283,-12;264,284,-76;273,274,-49;271,274,-68;268,268,24;240,265,-91;289,255,-13;259,236,-106;293,263,-117;279,251,-58;295,263,-137;287,253,-64;292,262,-136;286,258,-63;290,261,-121;283,257,-55;257,207,28;234,205,-28;285,178,-57;217,167,0;285,141,9;202,134,81;280,133,15;201,129,87;302,129,-21;201,119,43
276,277,-58;275,281,-49;275,281,-49;275,282,-49;274,281,-65;273,281,-65;272,282,-65;269,282,-2;264,283,-69;274,273,-38;272,273,-58;268,268,32;241,264,-85;288,253,-6;259,236,-97;293,263,-110;280,251,-45;296,262,-129;288,253,-49;292,262,-128;287,258,-48;291,261,-114;282,257,-42;257,207,28;234,204,-28;285,178,-56;218,166,-6;285,141,7;202,134,80;280,133,13;201,129,85;302,129,-24;201,119,37
280,276,-58;279,280,-51;279,280,-51;278,281,-51;277,280,-66;276,280,-66;274,281,-66;273,281,-10;268,281,-73;277,273,-41;275,272,-59;273,267,25;245,262,-87;289,253,12;263,234,-89;291,259,-47;282,251,-32;293,262,-57;288,253,-35;290,260,-56;286,258,-33;289,259,-50;284,257,-29;264,207,26;241,203,-26;295,179,-42;221,166,-16;288,143,51;202,134,71;281,137,59;201,129,78;303,129,29;201,119,37
284,276,-44;283,280,-37;283,280,-37;282,281,-37;281,280,-52;280,280,-52;279,281,-52;277,281,0;272,281,-65;281,272,-28;279,272,-47;277,267,30;249,261,-79;288,252,16;266,233,-76;291,256,-58;283,251,-14;292,258,-70;289,254,-15;290,257,-69;287,259,-13;288,256,-61;285,257,-10;269,206,25;246,203,-25;301,180,-40;223,167,-23;293,145,53;202,134,66;286,138,62;200,130,73;308,129,31;201,119,34
293,276,-93;293,280,-83;294,280,-83;294,281,-83;292,280,-94;290,280,-94;289,281,-94;289,281,-26;282,281,-70;292,272,-71;289,272,-86;291,267,11;257,263,-80;308,260,-37;265,233,-120;309,262,-137;285,250,-143;310,264,-156;291,252,-157;307,265,-155;291,256,-153;305,263,-140;289,255,-140;281,207,21;256,205,-21;310,181,-54;229,170,-64;312,146,38;204,135,-7;306,138,46;202,130,-4;329,130,8;201,119,-59
295,276,-90;295,280,-80;295,280,-80;295,281,-80;293,280,-91;292,281,-92;290,281,-92;290,281,-26;283,282,-74;293,273,-69;291,272,-84;292,267,13;258,264,-78;306,263,11;265,233,-125;308,264,-31;286,250,-146;311,265,-40;293,252,-158;309,266,-43;292,256,-154;307,265,-34;290,255,-144;282,208,19;257,206,-19;311,182,-60;231,172,-38;314,146,9;205,135,24;308,139,15;204,132,28;330,132,-25;201,119,-21
305,273,-100;306,277,-90;306,277,-90;306,277,-90;304,277,-102;303,278,-102;301,278,-102;302,278,-40;294,280,-94;304,270,-81;301,270,-96;304,264,-4;269,264,-88;329,258,9;268,233,-159;354,265,-31;290,248,-235;362,266,-39;297,250,-257;363,267,-51;296,253,-252;360,267,-38;294,252,-234;290,207,16;267,206,-16;319,181,-44;237,172,-67;332,146,48;218,139,23;327,139,54;220,135,30;347,132,12;209,124,-21
310,270,-133;310,275,-125;310,275,-125;310,275,-125;308,275,-136;307,275,-136;305,275,-136;305,275,-75;299,276,-126;309,267,-113;306,267,-128;311,263,-35;274,261,-119;342,261,-30;274,232,-196;372,265,-61;295,246,-275;383,266,-56;303,249,-300;383,267,-90;301,252,-294;379,266,-73;300,251,-275;296,205,16;272,206,-16;324,178,-39;243,173,-82;334,146,79;230,142,30;329,138,88;233,138,38;349,131,44;220,126,-14
314,267,-137;313,272,-128;314,272,-128;314,272,-128;312,272,-140;311,272,-140;309,272,-140;308,272,-78;302,273,-132;312,264,-117;309,264,-133;314,259,-44;276,256,-131;345,260,-46;280,230,-209;374,265,-87;303,246,-281;384,266,-95;310,250,-306;385,267,-110;308,253,-299;381,266,-95;306,252,-281;299,201,15;274,203,-15;329,177,-42;248,172,-89;335,145,82;239,143,33;330,138,93;242,139,42;349,131,52;232,128,-8
313,266,-121;313,270,-112;314,270,-112;314,270,-112;312,270,-123;310,270,-123;309,271,-123;309,270,-63;302,272,-115;312,262,-101;309,263,-117;314,257,-32;277,255,-118;344,260,-34;282,230,-198;374,265,-84;303,242,-272;383,266,-90;310,245,-295;383,266,-102;309,248,-290;380,266,-90;307,247,-272;301,200,14;275,200,-14;332,177,-59;251,168,-67;335,145,68;251,142,85;330,138,78;256,138,98;349,131,39;240,127,58
313,266,-112;313,269,-103;313,269,-103;313,270,-103;311,270,-115;310,270,-115;308,270,-115;309,270,-55;301,272,-114;311,262,-93;308,263,-108;314,257,-24;277,255,-112;343,258,-29;281,230,-185;370,265,-79;300,239,-265;378,265,-87;307,243,-289;378,266,-100;307,246,-284;375,265,-89;304,244,-265;301,200,13;275,199,-13;332,177,-54;253,168,-61;335,145,68;254,142,87;330,138,78;258,138,100;349,131,39;242,127,60
310,266,-131;311,270,-122;311,270,-122;311,270,-122;309,270,-133;308,270,-133;306,271,-133;307,270,-68;300,273,-116;309,262,-110;306,263,-123;313,258,-30;275,256,-110;340,257,-30;279,228,-184;364,265,-81;299,240,-266;372,265,-93;306,244,-292;372,266,-105;306,247,-287;369,265,-89;304,245,-267;300,201,13;274,200,-13;330,177,-52;251,168,-76;336,145,84;248,142,69;331,138,95;253,139,80;349,131,54;240,127,34
308,266,-129;309,270,-119;309,270,-119;309,270,-119;307,270,-129;305,271,-129;304,272,-129;305,271,-62;298,274,-110;307,262,-107;304,263,-120;310,259,-26;273,257,-106;335,256,-50;277,229,-184;355,265,-128;298,241,-270;362,265,-146;305,244,-295;362,266,-153;304,248,-290;359,265,-135;302,246,-270;297,202,13;272,202,-13;326,177,-50;248,170,-102;335,145,77;244,144,27;330,138,87;247,141,38;349,131,45;240,127,-13
307,270,-108;307,274,-98;307,274,-98;308,274,-98;305,274,-108;304,275,-108;303,276,-108;303,275,-43;296,279,-89;306,267,-87;303,267,-100;307,261,-19;271,261,-82;325,255,-61;275,234,-164;343,263,-157;289,242,-248;350,265,-179;293,245,-272;349,266,-183;295,248,-268;347,265,-163;294,246,-248;295,206,10;271,207,-10;326,178,-51;246,173,-92;333,145,54;241,144,17;329,138,62;243,140,25;348,131,15;234,128,-30
307,272,-104;306,276,-94;307,276,-95;307,276,-95;305,276,-104;303,277,-104;302,278,-104;302,277,-41;295,280,-87;305,269,-83;302,269,-97;306,262,-18;271,263,-82;322,254,-67;275,236,-163;340,262,-167;288,242,-245;347,265,-188;292,246,-270;347,266,-192;294,249,-265;344,265,-172;293,247,-246;294,208,10;270,208,-10;325,179,-47;245,173,-87;333,145,56;240,144,22;329,138,64;242,140,31;347,131,18;233,128,-23
300,275,-62;301,278,-54;302,278,-54;302,278,-54;299,279,-64;298,280,-64;296,281,-64;299,279,-8;290,282,-54;299,271,-44;296,272,-57;301,263,19;267,266,-47;312,247,-20;269,236,-101;322,262,-155;288,244,-151;325,265,-187;293,247,-165;323,266,-138;294,251,-159;321,265,-131;293,249,-149;288,209,11;265,210,-11;317,181,-48;241,174,-81;322,146,47;228,143,16;317,139,54;230,138,22;336,131,15;219,127,-28
295,276,-54;296,279,-45;297,279,-45;297,279,-45;294,280,-55;292,281,-55;291,281,-55;295,279,1;286,282,-42;294,272,-35;291,273,-48;296,264,30;263,266,-42;307,249,-8;265,236,-92;313,262,-99;287,244,-126;313,265,-117;294,247,-137;311,267,-106;293,251,-132;309,266,-97;291,250,-123;284,210,13;261,209,-13;313,182,-63;238,173,-60;311,146,26;221,142,16;304,139,34;221,137,21;325,131,-4;216,126,-29
291,275,-67;292,279,-58;293,279,-58;294,279,-58;289,279,-67;288,280,-67;286,281,-67;292,279,-7;281,282,-49;290,271,-47;286,272,-60;292,264,25;260,265,-52;307,258,-17;263,235,-89;305,262,-102;286,244,-92;304,262,-119;293,246,-101;301,263,-115;291,251,-97;300,262,-104;290,250,-89;280,209,15;257,209,-15;309,181,-69;234,173,-44;304,145,14;219,140,20;298,139,21;219,136,31;320,131,-17;216,125,-21
286,275,-71;288,278,-61;289,278,-61;290,278,-61;284,279,-69;283,280,-69;281,280,-69;289,279,-6;277,282,-42;286,271,-49;282,272,-60;289,264,30;258,265,-44;303,258,-13;261,235,-90;303,258,-97;282,244,-113;303,259,-114;288,246,-125;300,259,-111;286,250,-122;299,258,-99;284,248,-112;276,208,15;253,207,-15;305,180,-65;231,172,-40;302,143,20;219,139,38;297,137,27;221,134,44;318,131,-13;215,125,-6
282,274,-101;284,278,-90;285,278,-90;286,278,-90;281,279,-97;279,279,-97;277,280,-97;286,278,-30;273,281,-54;282,271,-79;278,272,-88;285,263,0;254,263,-47;303,258,-74;260,235,-149;301,256,-186;279,243,-212;302,255,-210;284,245,-233;297,255,-207;284,248,-227;296,255,-189;282,246,-211;272,205,14;250,204,-14;303,180,-93;228,170,-37;302,143,-1;219,138,58;297,136,6;220,133,66;317,131,-38;214,124,14
279,274,-78;281,278,-67;282,278,-67;283,278,-67;278,279,-74;276,279,-74;274,280,-74;283,278,-9;270,281,-41;279,271,-55;275,271,-65;283,261,20;252,262,-43;302,250,-50;258,235,-119;302,255,-156;276,243,-186;302,256,-178;281,244,-204;299,257,-174;281,248,-197;298,257,-158;279,247,-184;270,205,14;248,204,-14;301,180,-89;229,170,-16;301,142,-16;218,138,77;297,136,-10;220,133,85;318,131,-53;215,124,37
