288,274,-43;288,278,-37;288,278,-37;288,279,-37;286,278,-53;285,279,-53;284,279,-53;282,280,0;277,280,-71;286,271,-27;284,271,-48;278,265,33;251,264,-82;289,247,29;265,233,-74;287,253,-39;286,250,-7;288,254,-51;292,253,-8;285,255,-51;290,256,-8;284,255,-43;288,256,-4;269,206,28;246,202,-28;296,177,-43;236,164,21;301,139,-3;227,132,115;296,132,0;228,129,123;317,127,-43;224,118,82
288,274,-46;288,278,-39;288,279,-39;288,279,-39;286,278,-54;285,279,-54;284,279,-54;282,280,0;277,281,-67;286,271,-29;284,271,-49;278,266,33;251,264,-82;289,255,41;266,234,-82;287,253,-1;287,250,-25;288,253,-8;293,253,-28;286,254,-11;291,257,-27;285,254,-4;289,256,-22;269,206,27;246,203,-27;296,177,-43;235,165,1;301,139,8;227,132,96;296,132,12;228,129,103;318,127,-30;224,118,59
288,274,-57;288,278,-49;288,279,-49;288,279,-49;287,279,-63;285,279,-63;284,280,-63;283,281,-5;277,282,-67;286,271,-38;284,271,-56;279,267,32;251,265,-78;294,261,39;266,234,-82;290,253,-19;286,250,-38;291,252,-29;293,253,-43;289,253,-30;291,257,-42;288,253,-23;289,256,-36;270,206,25;247,203,-25;296,176,-48;235,165,-5;301,139,5;227,133,87;296,131,9;228,129,94;318,126,-34;224,118,48
288,275,-57;288,279,-50;288,279,-50;288,280,-50;287,279,-64;286,280,-64;284,280,-64;283,281,-7;277,282,-67;286,272,-39;284,272,-56;280,268,29;251,265,-78;298,263,12;267,235,-81;292,253,-68;286,250,-31;293,252,-82;293,253,-35;290,252,-82;291,257,-35;288,254,-71;289,256,-28;270,207,24;247,204,-24;295,176,-47;235,165,-5;301,139,10;227,133,87;296,131,14;228,129,94;318,126,-28;224,118,49
289,276,-54;289,280,-47;289,280,-47;289,280,-47;287,280,-62;286,280,-62;285,281,-62;283,282,-6;278,283,-66;286,273,-37;285,272,-55;281,268,29;252,266,-77;299,263,8;267,237,-80;292,253,-73;286,251,-28;292,252,-88;293,254,-32;289,252,-88;292,257,-32;288,255,-77;289,257,-25;271,207,24;247,204,-24;295,176,-41;235,166,-7;301,139,17;227,133,82;296,131,21;228,128,89;319,126,-19;224,118,45
289,276,-48;289,280,-42;289,280,-42;289,281,-42;288,280,-56;286,280,-56;285,281,-56;284,282,-3;278,283,-65;287,273,-32;285,273,-50;281,269,31;252,267,-78;297,263,27;268,238,-79;292,253,-28;287,251,-18;293,252,-37;294,254,-21;290,253,-40;292,258,-21;288,256,-31;290,257,-16;271,207,24;248,204,-24;295,176,-33;235,166,0;301,139,21;227,133,90;296,131,25;228,128,97;319,126,-16;224,118,53
290,276,-51;290,280,-45;289,280,-45;289,281,-45;288,280,-59;287,281,-59;286,281,-59;284,282,-6;279,283,-69;287,273,-34;286,273,-53;281,269,27;253,267,-81;297,263,23;269,238,-79;294,255,-31;289,253,-17;295,254,-40;295,256,-19;290,257,-44;293,260,-20;289,258,-35;291,259,-15;271,207,25;248,205,-24;295,176,-26;235,166,-1;301,139,35;227,133,90;296,131,40;228,128,97;319,126,0;224,118,54
290,277,-49;290,281,-43;290,281,-43;290,282,-44;289,281,-59;288,281,-59;286,282,-59;284,283,-5;279,284,-73;288,274,-34;286,274,-53;281,270,28;254,267,-89;296,264,45;271,238,-87;296,261,9;291,254,-22;297,262,3;298,258,-24;295,263,1;296,261,-25;293,262,6;293,260,-19;271,207,26;248,205,-26;295,175,-12;235,166,4;301,138,51;227,133,93;296,131,55;228,128,99;319,126,15;224,118,54
291,278,-49;291,282,-43;291,282,-43;290,282,-43;290,282,-59;288,282,-59;287,283,-59;284,284,-6;280,284,-77;289,275,-34;287,275,-53;281,270,28;255,267,-93;296,257,43;272,238,-91;298,262,2;294,255,-29;300,264,-4;301,260,-32;298,265,-7;299,262,-32;293,266,-1;296,261,-26;272,207,27;249,205,-27;295,175,-4;236,166,7;301,138,61;227,133,93;296,131,65;228,128,101;319,126,27;224,118,56
293,278,-47;292,282,-41;292,282,-41;291,283,-41;291,282,-57;290,282,-57;288,283,-57;285,284,-6;281,284,-77;290,275,-32;288,275,-53;282,270,28;256,267,-93;296,256,41;274,238,-92;301,262,-5;296,256,-32;303,264,-13;303,260,-36;301,264,-16;301,262,-36;299,264,-9;298,261,-30;272,207,27;250,205,-27;295,175,-1;237,166,10;301,138,59;227,133,94;296,131,64;228,129,101;319,126,25;224,118,57
293,278,-47;292,282,-41;292,282,-41;292,283,-41;291,282,-57;290,282,-57;289,283,-57;286,284,-3;282,284,-76;291,275,-32;289,275,-52;282,270,29;257,267,-91;300,254,13;275,238,-89;304,263,-76;296,255,-29;307,264,-90;303,259,-32;306,264,-91;301,262,-32;304,264,-80;298,261,-26;273,208,28;252,205,-28;296,175,-5;238,167,10;301,138,42;227,133,97;296,131,45;228,129,105;319,126,7;224,118,63
294,278,-47;293,282,-41;293,282,-41;292,283,-41;292,282,-58;291,282,-58;289,283,-58;286,284,-2;282,284,-75;291,275,-32;290,275,-52;283,270,29;258,266,-90;302,253,3;277,237,-85;305,263,-97;296,255,-18;308,264,-112;303,259,-20;307,264,-112;300,262,-21;304,263,-101;298,261,-16;275,208,28;253,205,-28;299,176,-28;240,167,4;301,139,21;227,133,92;296,131,25;228,129,100;319,126,-14;224,118,59
295,278,-47;294,282,-41;293,282,-41;293,283,-41;292,282,-56;291,282,-57;290,283,-57;287,283,0;282,284,-69;292,275,-31;291,275,-51;285,270,31;260,265,-82;305,260,9;279,236,-76;306,262,-73;295,254,-8;308,263,-87;302,257,-8;305,263,-86;300,260,-9;303,263,-77;297,260,-5;278,208,28;256,205,-27;303,177,-49;241,166,4;302,139,4;227,133,96;296,132,8;228,129,104;319,126,-31;224,118,63
296,277,-45;295,281,-39;295,282,-39;295,282,-39;294,281,-54;292,282,-54;291,282,-54;289,282,0;284,283,-66;294,274,-29;292,274,-49;287,269,31;261,263,-79;303,260,6;280,234,-71;306,258,-85;296,252,-4;306,262,-99;303,256,-4;304,262,-99;300,260,-4;302,262,-88;298,259,0;280,207,27;258,205,-26;308,179,-63;243,166,-2;304,141,0;227,133,92;298,134,6;228,129,100;320,126,-32;224,118,58
298,277,-45;297,281,-39;297,281,-39;297,281,-39;296,281,-54;294,281,-54;293,281,-54;291,282,0;286,282,-66;295,274,-29;294,273,-49;289,269,31;263,262,-79;305,261,1;282,232,-72;304,258,-93;298,252,-8;306,261,-108;304,256,-9;304,259,-108;301,260,-9;301,261,-96;299,258,-5;283,208,26;261,205,-26;313,181,-64;244,166,-10;307,143,5;227,133,80;300,136,10;227,129,87;322,128,-26;224,118,43
301,277,-42;300,281,-35;300,281,-35;300,281,-35;299,281,-49;297,281,-49;296,281,-49;294,282,4;289,282,-59;299,273,-26;297,273,-45;293,269,33;264,262,-71;310,261,-1;283,231,-70;304,256,-96;298,252,-8;303,255,-113;303,256,-11;300,254,-110;300,260,-10;299,255,-99;299,258,-5;287,208,26;264,205,-25;317,182,-63;246,166,-18;311,144,8;227,133,62;305,137,14;227,129,68;328,129,-22;224,118,24
304,277,-48;304,281,-40;304,281,-40;304,281,-40;302,281,-54;301,281,-54;300,282,-54;298,282,0;293,282,-62;302,273,-32;300,273,-49;297,269,29;267,262,-73;311,262,4;282,232,-85;309,257,-81;301,252,-34;310,260,-97;308,257,-37;308,255,-96;306,261,-33;306,256,-84;303,259,-30;290,208,25;267,205,-24;320,182,-63;247,167,-20;318,145,1;227,133,55;312,137,6;227,129,61;336,130,-29;224,118,18
309,277,-70;309,281,-60;309,281,-60;309,281,-60;307,281,-74;306,281,-74;304,282,-74;303,282,-10;298,282,-72;306,273,-50;304,273,-68;303,269,26;270,263,-81;313,262,25;281,234,-135;327,263,-25;302,252,-152;332,265,-33;309,256,-165;331,266,-38;308,261,-159;329,265,-30;306,259,-149;293,208,23;269,206,-23;322,182,-62;248,168,-25;325,145,2;227,133,39;319,138,7;227,129,43;342,130,-31;225,118,-5
313,276,-74;314,281,-65;314,281,-65;314,281,-65;312,281,-79;311,281,-79;309,282,-79;308,282,-16;302,282,-79;311,272,-55;309,273,-74;310,268,19;274,264,-89;329,260,39;281,236,-166;351,267,9;302,252,-227;360,268,4;308,256,-247;360,270,-7;307,260,-241;357,269,2;305,258,-225;297,208,23;273,207,-23;324,182,-61;249,170,-69;331,145,31;228,134,4;326,138,37;228,130,9;346,130,-3;225,119,-44
318,275,-123;318,279,-115;318,280,-115;318,280,-115;316,279,-128;315,280,-128;314,280,-128;312,281,-66;307,281,-125;315,271,-103;314,272,-120;317,268,-28;279,265,-122;346,263,-21;282,236,-191;375,268,-66;304,252,-256;385,268,-76;312,256,-279;387,269,-91;311,260,-274;383,269,-75;309,258,-256;301,207,19;276,208,-19;327,179,-30;250,171,-69;333,144,87;230,135,21;328,137,96;231,131,27;347,130,54;225,119,-28
321,273,-107;321,278,-98;321,278,-98;321,278,-99;319,278,-111;318,278,-111;317,278,-111;314,278,-50;310,279,-109;319,270,-88;316,270,-105;321,266,-16;282,263,-113;348,264,-12;285,235,-188;377,268,-63;306,251,-250;387,269,-73;312,255,-272;387,270,-80;312,259,-266;384,269,-67;310,257,-249;303,205,19;278,207,-19;331,177,-63;251,171,-73;332,144,51;232,136,20;327,136,59;232,132,27;347,130,20;228,120,-25
321,271,-104;321,274,-95;321,274,-95;321,275,-95;320,274,-108;318,275,-108;317,275,-108;316,275,-47;310,276,-105;319,267,-85;317,267,-102;321,264,-13;283,260,-112;349,263,-9;286,234,-193;377,267,-52;307,249,-261;387,268,-61;312,252,-283;387,270,-74;312,256,-277;384,269,-60;310,255,-261;305,203,20;280,205,-20;333,176,-58;253,170,-78;333,143,64;234,136,13;327,136,74;234,133,20;348,129,38;231,120,-33
321,270,-104;321,274,-95;321,274,-95;321,274,-95;319,274,-108;318,274,-108;317,274,-108;316,274,-47;310,275,-107;319,266,-85;317,266,-102;320,262,-15;283,258,-116;349,262,-11;289,232,-197;375,267,-52;306,244,-265;384,268,-61;313,249,-287;385,269,-74;313,253,-282;382,268,-60;310,250,-264;305,202,20;280,203,-20;335,175,-56;255,170,-72;332,143,71;236,136,24;327,136,81;236,133,31;348,129,46;232,120,-20
321,269,-101;321,273,-92;321,273,-92;321,274,-92;319,273,-106;318,273,-106;317,274,-106;315,274,-47;310,275,-108;319,265,-83;317,265,-101;319,260,-15;283,257,-118;346,260,-13;290,231,-194;371,266,-57;309,243,-251;380,267,-67;316,248,-272;380,268,-79;315,252,-266;376,267,-65;313,250,-250;305,202,20;280,202,-20;335,176,-63;256,168,-64;332,143,67;238,136,29;326,135,69;238,132,35;348,129,29;233,120,-20
319,269,-101;319,273,-93;319,273,-93;319,273,-93;317,273,-105;316,273,-105;315,274,-105;314,274,-45;308,275,-103;317,265,-82;315,265,-99;318,260,-14;281,258,-112;343,258,-36;288,231,-190;366,266,-108;312,244,-245;374,267,-123;319,249,-266;373,268,-131;320,252,-258;371,267,-115;317,250,-243;305,202,19;280,201,-19;333,176,-75;256,167,-57;332,143,38;238,136,32;327,135,46;239,132,39;348,129,8;232,121,-12
318,269,-98;318,273,-90;318,274,-90;318,274,-90;316,273,-102;315,274,-102;314,274,-102;313,274,-41;307,275,-101;316,266,-78;314,266,-95;317,261,-9;280,258,-110;336,255,-41;288,231,-179;355,264,-129;315,244,-215;366,267,-144;319,249,-232;364,268,-149;322,252,-226;360,267,-134;319,251,-213;304,202,18;279,202,-18;331,176,-72;256,167,-42;333,142,25;238,136,38;327,135,33;239,131,44;348,129,-5;233,121,-8
318,271,-103;318,276,-94;318,276,-94;318,276,-94;316,276,-108;315,276,-108;313,276,-108;312,276,-46;307,277,-105;315,267,-83;313,267,-100;316,261,-11;280,259,-110;327,253,-28;288,232,-175;343,262,-96;311,246,-213;349,265,-109;318,250,-230;349,267,-114;317,252,-223;346,266,-102;317,251,-210;303,203,17;278,202,-17;330,177,-51;255,167,-36;333,142,47;238,135,54;327,135,55;238,131,61;348,129,18;233,121,11
315,275,-73;315,279,-64;315,279,-64;315,279,-64;313,279,-77;312,279,-77;311,280,-77;309,280,-18;304,281,-77;313,271,-54;311,271,-72;310,263,21;279,262,-85;322,254,63;284,233,-142;335,262,65;306,247,-177;338,265,65;311,250,-190;337,267,62;311,253,-186;335,266,63;309,252,-175;300,205,18;277,203,-18;325,178,-16;254,168,-29;332,143,66;238,135,53;327,135,73;238,130,60;348,129,38;233,121,11
312,277,-79;311,281,-70;311,281,-70;311,282,-70;310,281,-82;309,282,-82;307,282,-82;305,282,-22;300,283,-76;309,273,-60;307,273,-76;305,266,13;276,264,-81;322,261,22;282,234,-116;324,263,-11;302,248,-116;326,265,-19;308,250,-126;323,267,-21;307,253,-123;321,266,-14;306,252,-113;297,208,18;275,205,-18;322,180,-20;254,169,-13;331,143,56;237,135,63;326,135,65;238,130,69;348,130,28;233,121,21
309,278,-72;309,282,-64;309,283,-64;308,283,-64;307,282,-76;306,283,-76;305,283,-76;302,283,-19;297,284,-73;307,275,-54;305,275,-70;302,268,11;273,265,-80;321,265,0;281,234,-105;316,263,-56;299,249,-86;316,265,-68;305,251,-93;313,266,-66;305,254,-91;312,265,-58;303,252,-83;294,209,18;272,206,-18;320,181,-57;254,169,9;324,143,-4;237,135,91;318,135,0;238,130,97;340,130,-43;233,121,51
