238,263,-95;239,268,-88;239,268,-89;239,268,-89;237,268,-103;236,268,-103;235,269,-103;235,269,-44;230,270,-109;236,260,-76;234,260,-95;235,249,-2;206,253,-113;251,231,-30;224,229,-136;254,240,-128;245,248,-137;256,242,-147;249,253,-152;253,245,-149;246,256,-153;252,244,-133;245,253,-137;230,191,25;209,190,-25;250,156,-9;205,146,7;259,114,38;194,112,95;256,108,41;195,107,101;275,99,-5;193,94,49
238,262,-110;239,267,-102;239,267,-102;240,267,-102;237,267,-117;236,268,-117;235,269,-117;236,269,-51;230,270,-120;236,259,-89;234,260,-109;237,249,-11;205,254,-126;257,234,-44;224,229,-181;263,263,-130;246,251,-200;264,269,-148;250,258,-219;264,271,-148;250,263,-214;263,269,-133;249,260,-199;231,191,23;209,189,-23;251,155,-8;203,145,14;259,115,66;194,112,129;257,108,72;195,107,138;274,99,23;193,94,88
238,263,-118;239,267,-108;240,268,-108;240,268,-108;237,268,-121;236,269,-121;235,269,-121;237,269,-52;229,271,-116;237,260,-95;235,260,-112;240,249,-14;205,254,-119;261,235,-62;223,230,-191;264,267,-153;241,255,-243;265,274,-171;244,261,-265;265,276,-168;240,264,-261;263,273,-155;242,264,-243;232,191,20;209,189,-20;252,155,-9;202,145,14;260,115,73;194,112,122;257,109,80;195,107,131;273,99,27;193,95,78
238,263,-127;240,267,-119;240,267,-119;241,268,-119;237,268,-127;235,269,-127;234,269,-127;240,269,-61;228,271,-103;237,259,-103;234,260,-115;243,249,-25;204,255,-90;252,226,-82;214,230,-168;256,255,-180;233,254,-227;257,271,-199;237,260,-248;257,274,-197;234,264,-243;255,269,-183;233,262,-227;233,191,13;209,190,-13;252,155,-24;201,146,4;261,116,66;194,112,114;258,110,73;195,107,122;271,99,20;192,95,70
236,264,-139;239,269,-131;240,269,-131;241,269,-131;234,270,-137;233,270,-137;231,271,-137;241,269,-70;227,272,-98;237,260,-115;233,261,-123;245,250,-29;204,256,-79;252,227,-85;211,229,-163;261,244,-197;230,256,-237;263,246,-218;233,262,-260;263,250,-218;230,265,-255;260,248,-201;228,263,-237;234,192,9;209,191,-9;253,155,-31;200,147,-6;261,117,64;194,112,103;260,110,72;195,107,112;270,99,16;192,95,53
235,265,-147;238,270,-139;239,270,-139;240,270,-139;234,270,-145;232,271,-145;231,271,-145;240,270,-80;227,273,-103;236,261,-123;232,262,-131;246,252,-36;204,256,-90;259,231,-82;208,228,-172;275,244,-182;228,256,-262;282,247,-201;228,265,-286;281,250,-203;229,265,-281;277,249,-186;227,263,-262;235,192,8;209,192,-8;253,155,-27;200,149,-11;262,117,87;194,112,95;260,111,95;196,107,103;270,99,41;192,95,44
235,267,-172;238,271,-164;239,271,-164;240,271,-164;233,271,-168;232,272,-168;230,272,-168;240,271,-103;227,273,-119;236,262,-148;232,263,-153;248,253,-53;205,257,-94;269,243,-89;204,229,-184;289,246,-177;227,258,-281;296,248,-194;231,265,-307;294,251,-199;229,267,-302;290,249,-182;228,265,-282;235,192,7;210,192,-7;253,156,-25;199,149,-14;263,118,85;194,112,89;261,112,93;196,107,97;270,99,34;192,95,34
235,267,-210;238,271,-202;239,271,-202;240,271,-202;233,271,-206;232,272,-206;231,272,-206;241,271,-140;227,273,-156;236,262,-185;232,263,-190;250,255,-80;207,257,-136;275,250,-83;203,229,-229;308,251,-132;223,259,-334;314,250,-143;227,266,-363;316,251,-154;228,269,-358;313,249,-139;227,267,-336;235,193,8;210,193,-8;253,155,-22;199,149,-21;263,118,91;195,112,83;261,111,99;196,107,91;269,99,35;192,95,23
235,267,-191;238,271,-183;239,271,-183;240,271,-183;234,271,-186;232,272,-186;231,272,-186;241,271,-125;227,273,-138;236,263,-167;232,264,-171;251,256,-67;210,257,-121;279,254,-77;203,230,-202;310,256,-115;223,259,-307;318,255,-126;230,265,-334;320,255,-138;227,269,-330;317,254,-123;227,266,-308;235,193,8;210,194,-8;253,155,-12;199,150,-24;263,117,85;195,113,65;261,111,91;197,108,72;269,100,31;191,96,7
235,268,-191;237,272,-184;239,272,-184;240,272,-184;233,272,-186;232,272,-186;231,273,-186;240,272,-127;227,273,-134;236,264,-168;232,265,-170;251,256,-74;211,257,-114;280,256,-83;203,230,-192;311,256,-128;207,259,-309;318,256,-141;203,264,-337;319,256,-151;204,268,-336;317,255,-135;205,265,-313;235,194,6;211,195,-6;253,155,-12;199,151,-24;263,117,79;196,113,73;261,111,85;199,108,80;270,99,30;192,97,19
235,269,-172;237,272,-165;238,272,-165;239,272,-165;233,272,-169;232,273,-169;231,273,-169;239,272,-110;227,273,-116;236,265,-150;232,265,-155;251,257,-60;210,257,-88;279,253,-66;202,229,-159;306,255,-110;206,258,-277;313,255,-121;206,264,-302;314,255,-133;204,267,-301;311,255,-117;206,264,-280;235,194,5;211,195,-5;253,154,-14;200,151,-14;263,117,69;198,113,79;262,111,75;202,108,87;270,99,17;192,97,22
234,269,-160;235,273,-154;236,273,-154;237,273,-154;232,273,-153;230,273,-153;229,274,-153;238,273,-99;224,273,-99;236,265,-138;231,266,-138;250,257,-56;210,257,-67;275,250,-91;201,227,-130;294,255,-181;202,258,-242;300,254,-201;200,264,-266;297,254,-204;201,267,-266;293,253,-186;203,264,-245;235,195,3;211,195,-3;253,154,-16;200,151,-6;263,117,61;198,114,84;262,111,66;202,109,91;270,99,10;193,97,35
232,270,-139;234,274,-132;235,274,-132;236,274,-132;229,274,-133;228,274,-133;226,274,-133;236,273,-76;222,274,-82;234,266,-117;229,266,-118;249,256,-35;208,257,-51;270,249,-75;201,225,-114;284,248,-161;205,253,-229;290,248,-179;205,260,-254;286,249,-184;205,265,-254;282,247,-166;207,261,-232;235,195,3;211,195,-3;253,154,-23;200,151,-6;263,116,55;198,114,83;261,111,60;202,109,89;270,99,5;194,97,34
231,270,-145;233,274,-138;234,274,-138;235,274,-138;228,274,-141;226,274,-141;225,275,-141;235,274,-82;221,274,-95;233,266,-122;227,266,-126;246,256,-36;205,257,-66;261,239,-74;201,224,-131;272,245,-167;205,252,-239;279,247,-185;206,260,-263;278,248,-188;206,264,-261;274,246,-171;206,261,-241;235,196,5;211,195,-5;252,155,-18;200,151,-15;262,117,69;198,114,76;261,111,76;202,109,83;270,99,24;195,97,28
231,270,-137;232,274,-131;233,274,-131;234,274,-131;229,274,-136;227,274,-136;225,275,-136;234,274,-77;221,274,-99;232,266,-115;227,266,-121;243,256,-33;203,257,-72;255,233,-74;201,224,-138;265,248,-166;210,249,-234;268,252,-184;207,258,-256;268,254,-185;209,263,-252;264,251,-170;210,260,-235;234,196,5;210,195,-5;251,155,-15;200,151,-13;261,117,67;198,114,77;260,111,73;202,109,84;269,100,22;195,98,30
231,270,-132;233,274,-127;233,274,-127;234,274,-127;229,274,-134;227,274,-134;226,275,-134;234,274,-74;221,274,-102;232,266,-110;227,266,-119;243,255,-29;202,257,-74;251,227,-65;202,223,-136;258,244,-162;215,248,-231;261,250,-179;218,255,-252;262,254,-181;215,259,-249;259,251,-165;217,257,-231;234,196,6;210,195,-6;250,156,-16;200,151,-14;260,117,58;198,114,75;258,110,63;202,109,81;269,100,9;195,98,27
231,269,-125;232,273,-121;233,273,-121;234,273,-121;229,273,-126;228,274,-126;226,274,-126;233,273,-72;222,274,-98;232,265,-104;228,266,-112;241,254,-27;202,257,-69;244,224,-52;202,222,-119;252,240,-136;219,247,-201;254,245,-151;219,255,-219;255,248,-152;217,259,-217;253,246,-139;218,257,-202;232,196,7;210,195,-7;250,156,-13;200,151,-14;259,117,55;199,113,63;257,110,60;202,108,68;269,100,8;196,97,14
231,267,-133;233,272,-128;233,272,-128;234,271,-128;229,272,-133;228,272,-133;226,273,-133;234,272,-76;222,273,-106;232,264,-111;228,265,-119;242,253,-29;202,256,-80;245,223,-58;203,221,-132;245,236,-156;225,247,-212;249,240,-174;227,254,-232;249,245,-174;226,257,-229;247,243,-158;224,256,-212;232,194,10;209,194,-10;249,156,-15;200,150,-7;258,116,49;199,113,70;256,109,53;201,108,72;270,100,0;196,97,19
231,264,-128;233,268,-124;234,268,-124;234,268,-124;230,269,-133;229,270,-133;228,270,-133;234,270,-73;223,272,-115;232,261,-107;228,262,-119;242,251,-26;202,256,-92;244,220,-53;205,221,-140;250,236,-146;226,248,-214;252,241,-162;229,254,-233;253,245,-163;227,258,-230;250,244,-149;225,256,-214;232,193,13;208,192,-13;249,155,-8;200,148,3;257,115,54;199,113,94;254,109,58;202,108,99;270,100,4;196,96,45
232,264,-118;234,268,-113;234,268,-113;235,268,-113;232,269,-125;231,270,-125;230,270,-125;234,270,-65;225,272,-120;233,261,-98;229,262,-115;238,251,-21;201,255,-103;244,219,-42;207,221,-148;254,237,-130;227,248,-208;256,242,-145;230,255,-226;257,246,-148;228,258,-223;255,244,-134;227,256,-208;232,193,16;208,192,-16;248,155,7;201,148,15;256,115,65;199,113,108;253,108,68;202,108,115;270,101,17;196,96,62
234,264,-124;235,268,-117;235,268,-117;236,269,-117;233,269,-129;232,270,-129;231,270,-129;234,270,-65;225,272,-124;233,261,-102;230,262,-118;237,251,-18;200,255,-108;245,219,-39;207,221,-158;255,238,-128;228,248,-216;258,243,-143;231,255,-235;259,246,-146;229,258,-232;257,245,-132;228,256,-216;231,193,18;208,192,-18;247,155,10;201,148,10;257,115,75;199,112,106;254,108,79;202,108,113;271,101,29;196,96,59
235,264,-113;236,268,-105;236,269,-105;237,269,-106;234,269,-119;233,270,-119;232,270,-119;234,270,-55;226,272,-119;234,261,-92;231,262,-110;237,251,-8;201,255,-106;246,220,-29;209,221,-154;257,241,-112;230,248,-202;260,248,-126;233,256,-219;260,251,-128;231,258,-217;258,249,-116;229,256,-201;231,193,21;208,192,-21;246,155,15;202,148,17;257,115,70;200,112,113;254,108,75;202,107,119;271,101,23;197,96,67
236,264,-106;237,269,-99;237,269,-99;238,269,-99;235,269,-113;234,270,-113;233,271,-113;235,270,-49;227,272,-116;234,261,-85;232,262,-104;237,251,-3;201,255,-104;247,221,-24;211,221,-146;257,243,-108;231,249,-181;260,251,-121;235,257,-197;261,255,-123;233,259,-195;259,252,-112;231,257,-181;231,192,23;208,191,-23;246,155,25;203,148,17;257,115,76;200,112,108;254,108,79;202,107,114;271,101,32;198,96,64
236,263,-111;238,268,-104;238,268,-104;239,268,-104;236,269,-117;235,269,-117;234,270,-117;236,270,-53;228,272,-115;235,260,-89;233,261,-106;238,251,-5;201,255,-102;247,221,-25;212,221,-144;257,244,-107;231,251,-187;260,252,-120;236,258,-203;261,257,-121;233,260,-201;259,254,-111;231,258,-187;232,192,22;208,191,-22;245,155,29;203,148,13;256,115,79;200,112,106;254,108,82;202,107,110;271,101,36;198,96,59
238,263,-101;240,268,-94;240,268,-94;240,268,-94;238,269,-107;237,269,-107;235,270,-107;237,270,-43;229,272,-103;237,260,-80;234,261,-98;238,250,1;202,255,-97;247,221,-21;214,221,-136;257,244,-103;232,252,-170;260,252,-116;237,259,-184;262,256,-117;234,261,-183;259,253,-107;232,259,-170;232,192,22;209,191,-22;245,155,26;204,148,15;256,115,75;200,112,103;254,108,79;202,107,108;271,101,30;198,96,56
239,264,-109;241,268,-101;241,268,-101;241,269,-101;239,269,-114;238,269,-114;237,270,-114;238,270,-50;230,272,-106;238,260,-87;236,261,-104;238,250,-5;203,255,-99;247,221,-25;217,224,-145;257,244,-127;234,254,-188;260,251,-143;238,260,-205;262,256,-143;234,263,-203;259,252,-131;233,261,-188;232,192,21;209,191,-21;245,155,21;204,148,23;256,115,67;200,112,115;254,108,69;202,107,121;271,101,19;198,97,69
239,264,-107;241,268,-100;241,269,-100;241,269,-100;239,269,-112;237,270,-112;236,270,-112;238,270,-48;230,272,-105;238,260,-86;236,261,-103;238,249,-6;204,255,-100;247,221,-39;221,227,-150;258,246,-136;235,255,-189;260,253,-153;237,262,-205;262,256,-152;234,264,-204;259,254,-139;233,262,-189;233,192,20;209,191,-20;245,155,11;205,148,31;256,115,47;200,112,127;254,108,49;202,107,134;271,101,-1;198,97,84
239,264,-100;240,269,-93;241,269,-93;241,269,-93;238,269,-106;237,270,-106;236,271,-106;238,270,-44;230,272,-104;238,261,-80;235,261,-98;239,249,-3;205,255,-105;248,222,-37;224,229,-153;258,248,-128;240,256,-180;260,256,-145;242,262,-196;262,259,-142;238,264,-194;259,257,-131;237,262,-179;233,192,21;210,191,-21;245,155,5;205,148,35;256,115,42;200,112,134;254,108,44;202,107,141;271,101,-5;198,97,92
239,264,-99;240,268,-92;241,269,-92;241,269,-92;238,269,-106;237,270,-106;236,271,-106;238,270,-44;230,272,-105;238,261,-79;235,261,-98;239,249,-3;205,255,-109;248,222,-32;225,229,-155;260,253,-114;243,255,-174;263,261,-129;246,262,-190;262,264,-128;242,264,-187;261,262,-117;243,264,-173;234,192,21;210,191,-21;246,155,2;205,147,33;257,115,48;200,112,133;254,108,50;202,108,140;271,101,1;198,97,91
239,264,-107;240,268,-99;241,269,-99;241,269,-99;238,269,-114;237,270,-114;236,270,-114;238,270,-50;230,272,-115;238,261,-86;236,261,-106;239,248,-9;205,255,-114;248,222,-39;226,232,-164;261,251,-125;242,256,-187;263,258,-141;244,262,-206;263,262,-141;240,264,-203;262,259,-129;241,264,-187;234,192,21;210,190,-21;249,155,0;205,147,33;257,115,51;200,112,140;254,108,51;202,108,148;271,101,4;198,97,98
