287,274,-44;287,278,-38;287,278,-38;287,278,-38;285,278,-54;284,278,-54;283,278,-54;281,279,2;276,279,-69;285,270,-28;283,271,-48;278,264,36;250,262,-82;289,246,26;264,233,-75;289,255,-50;286,249,-7;291,258,-61;293,253,-7;289,259,-61;290,258,-7;287,258,-53;289,255,-4;268,204,29;246,200,-29;297,176,-59;236,164,25;301,138,-17;227,132,136;296,131,-14;228,128,145;318,126,-56;225,117,106
287,274,-44;287,278,-38;287,278,-38;287,278,-38;285,278,-53;284,278,-53;283,278,-53;281,279,2;276,280,-64;285,270,-28;283,271,-48;278,265,35;250,263,-79;289,248,38;264,233,-85;289,253,-12;285,248,-38;292,256,-21;291,251,-42;289,255,-24;289,255,-40;287,255,-16;288,254,-35;269,205,27;246,202,-27;297,176,-47;236,165,18;301,138,-4;227,132,115;296,131,-2;228,128,122;319,127,-47;225,117,77
287,274,-49;287,278,-42;287,278,-42;287,278,-42;286,278,-56;285,278,-56;283,279,-56;282,280,-2;276,281,-66;285,271,-32;283,271,-51;278,266,31;250,264,-79;291,256,34;265,233,-84;292,253,-30;285,249,-29;294,254,-40;291,251,-32;291,254,-41;290,255,-31;290,254,-33;288,255,-26;269,206,25;247,203,-25;296,176,-39;236,165,11;301,138,14;227,132,109;296,131,18;228,128,117;319,127,-24;224,117,73
288,274,-63;288,278,-56;288,278,-56;288,279,-56;286,278,-70;285,279,-70;284,279,-70;282,280,-12;276,281,-71;285,271,-45;283,271,-62;280,267,25;251,265,-79;296,262,19;266,235,-87;295,253,-50;285,249,-41;296,255,-62;292,251,-46;294,254,-64;290,256,-45;292,254,-54;288,255,-38;270,207,24;247,204,-24;296,176,-42;235,165,10;301,138,7;227,132,107;296,131,10;228,128,114;319,127,-33;224,118,69
288,275,-57;288,279,-50;288,279,-50;288,280,-50;287,279,-65;286,279,-65;284,280,-65;283,281,-8;277,282,-71;286,272,-39;284,272,-58;280,268,26;251,265,-79;298,263,1;267,237,-85;293,253,-91;286,251,-33;293,252,-107;293,254,-37;289,252,-107;292,257,-37;288,254,-95;289,257,-30;270,208,23;247,205,-23;295,176,-46;235,166,-3;301,138,6;227,132,90;296,131,10;228,128,98;319,127,-32;224,118,54
289,276,-50;289,280,-44;289,280,-44;289,281,-44;287,280,-59;286,280,-59;285,281,-59;283,282,-5;278,283,-69;286,273,-34;285,273,-53;281,269,27;252,266,-80;299,264,7;268,238,-84;293,253,-74;288,252,-30;291,253,-89;295,256,-34;287,253,-88;293,259,-34;286,254,-78;290,258,-28;271,208,24;247,205,-24;295,176,-39;235,166,0;301,138,17;227,132,97;296,131,21;228,128,105;319,126,-21;224,118,62
290,276,-48;289,280,-42;289,280,-42;289,281,-42;288,280,-56;287,280,-56;286,281,-56;283,282,-3;279,283,-67;287,273,-32;286,273,-50;281,269,29;253,266,-80;297,263,31;269,238,-83;292,253,-20;288,253,-22;291,253,-29;296,257,-25;287,253,-31;294,259,-25;286,254,-23;291,259,-19;271,208,24;248,205,-24;295,176,-38;235,166,2;301,138,19;227,133,100;296,131,23;228,129,107;319,126,-20;224,118,64
290,277,-50;290,280,-44;290,281,-44;289,281,-44;288,280,-59;287,281,-59;286,281,-59;283,283,-6;279,283,-72;287,274,-34;286,273,-53;281,270,27;253,267,-86;296,263,30;270,239,-84;294,255,-25;291,255,-21;294,254,-35;298,259,-25;291,254,-37;296,261,-25;287,257,-29;293,260,-19;271,208,24;248,205,-24;295,176,-24;235,166,4;301,138,39;227,133,102;296,131,44;228,129,109;319,126,2;224,118,66
291,278,-49;290,282,-43;290,282,-43;290,282,-43;289,281,-59;288,282,-59;287,282,-59;284,284,-5;280,284,-75;288,275,-33;287,275,-53;281,270,28;254,267,-90;296,258,37;272,238,-86;296,260,-9;292,256,-22;298,262,-17;300,260,-25;295,263,-20;299,264,-26;293,263,-13;295,262,-20;271,208,25;249,205,-25;295,175,-11;235,166,7;301,138,54;227,133,104;296,131,59;228,129,112;319,126,18;224,118,69
292,278,-48;291,282,-42;291,282,-42;291,283,-42;290,282,-59;289,282,-59;288,283,-59;284,284,-6;280,284,-78;289,275,-33;288,275,-53;281,270,28;255,267,-93;296,254,38;273,238,-90;297,262,-8;294,256,-27;299,265,-16;301,261,-31;298,266,-18;301,265,-30;293,266,-11;296,262,-25;272,208,27;249,205,-26;295,175,-3;236,166,11;301,138,62;227,133,106;296,131,67;228,129,113;319,126,28;224,118,71
293,278,-47;292,282,-41;292,283,-41;291,283,-41;291,282,-58;290,283,-58;288,283,-58;285,284,-5;281,284,-77;290,275,-32;289,275,-53;281,270,28;256,267,-93;296,254,37;274,238,-92;302,262,-17;297,256,-33;305,265,-25;304,261,-37;303,266,-28;305,265,-36;301,265,-20;299,262,-30;272,208,27;250,205,-27;295,175,-3;237,166,13;301,138,58;227,133,104;296,131,63;228,129,112;319,126,23;224,118,69
293,279,-49;292,282,-42;292,283,-42;292,283,-42;291,282,-59;290,283,-59;289,283,-59;285,284,-3;282,284,-76;291,276,-33;289,275,-54;282,270,29;257,267,-91;302,261,8;276,238,-92;305,263,-90;297,256,-32;307,265,-105;304,260,-36;307,265,-106;303,264,-36;304,264,-94;299,262,-29;274,208,28;252,205,-28;296,175,-12;238,167,10;301,138,30;227,133,101;296,131,34;228,129,108;319,126,-6;224,118,66
294,278,-46;293,282,-40;293,283,-40;292,283,-40;292,282,-56;291,283,-56;290,283,-56;286,284,-1;282,284,-75;291,275,-30;290,275,-51;283,270,32;258,267,-91;301,255,14;277,237,-85;305,263,-72;296,255,-19;308,264,-86;304,259,-21;308,264,-87;302,263,-21;305,264,-76;299,261,-16;275,208,28;253,205,-28;299,176,-26;240,166,7;301,138,20;227,133,95;296,131,23;228,129,102;319,126,-16;224,118,60
295,278,-47;294,282,-40;293,283,-40;293,283,-40;292,282,-56;291,283,-56;290,283,-56;287,283,0;282,284,-66;292,275,-30;291,275,-51;285,270,33;260,265,-79;307,261,3;279,236,-76;307,262,-90;296,253,-8;309,264,-105;303,257,-9;306,264,-103;301,260,-9;304,263,-93;298,259,-5;277,208,28;256,205,-28;303,177,-52;241,166,5;302,139,-4;227,133,94;296,132,0;228,129,101;319,126,-40;224,118,59
296,278,-47;295,282,-40;295,282,-40;295,282,-40;294,282,-55;292,282,-55;291,282,-55;289,283,0;284,283,-66;294,274,-30;292,274,-50;287,269,32;261,263,-78;304,261,1;281,234,-73;305,260,-95;297,252,-8;307,261,-110;303,256,-9;306,260,-110;301,259,-9;304,259,-99;298,258,-5;280,208,26;258,205,-26;308,179,-60;243,166,-4;304,141,4;227,133,90;298,134,9;228,129,97;320,127,-29;224,118,55
298,277,-44;297,281,-37;297,282,-37;297,282,-37;296,281,-52;295,282,-52;293,282,-52;291,282,2;286,282,-65;296,274,-27;294,274,-47;289,269,33;263,262,-79;305,261,3;283,232,-72;304,260,-93;298,252,-6;307,260,-109;304,256,-7;305,259,-107;301,259,-7;303,259,-96;299,258,-3;283,208,26;261,205,-26;313,182,-65;244,166,-9;307,143,5;227,133,83;300,136,11;228,129,90;323,127,-26;224,118,47
301,277,-45;300,281,-37;300,282,-37;300,282,-37;299,281,-53;297,282,-53;296,282,-53;294,282,1;289,282,-63;299,274,-28;297,273,-48;293,269,33;265,262,-75;312,261,-4;283,231,-74;304,257,-103;298,252,-20;306,256,-120;303,256,-24;301,254,-117;301,260,-24;301,257,-105;299,258,-18;286,208,26;264,205,-26;317,182,-63;246,166,-18;311,144,8;227,133,59;305,137,13;228,129,64;328,129,-24;224,118,20
305,277,-50;304,281,-42;304,282,-42;304,282,-42;303,281,-57;302,282,-57;300,282,-57;298,282,-1;293,282,-64;303,273,-33;300,273,-51;297,269,28;267,262,-77;312,262,2;282,232,-89;308,257,-91;301,252,-46;310,260,-108;308,258,-50;307,255,-104;307,262,-47;306,256,-93;303,259,-42;290,208,24;267,205,-24;320,182,-63;247,167,-14;318,145,3;227,133,61;312,137,8;227,129,67;336,130,-28;224,118,23
309,277,-66;309,281,-56;309,282,-56;309,282,-56;307,281,-71;306,282,-71;304,282,-71;303,282,-7;297,282,-70;306,273,-47;304,273,-65;303,269,26;270,263,-80;311,261,17;281,234,-129;326,262,-42;301,252,-140;331,265,-52;308,256,-152;331,265,-57;308,261,-146;328,264,-47;305,259,-137;293,208,23;269,206,-23;322,182,-61;248,168,-24;325,145,4;227,133,40;319,138,9;227,129,45;342,130,-28;225,118,-3
313,277,-78;314,281,-68;314,281,-68;314,281,-68;312,281,-82;311,281,-82;309,282,-82;307,282,-18;302,282,-81;311,273,-58;309,273,-77;309,268,17;274,264,-90;329,260,37;281,236,-168;351,267,7;302,252,-230;360,269,2;308,256,-250;360,270,-8;307,260,-245;357,269,0;305,259,-229;297,208,23;273,207,-23;324,181,-51;249,170,-68;331,145,38;228,134,8;327,138,44;229,130,13;346,130,3;225,119,-40
318,275,-119;318,279,-111;318,280,-111;318,280,-111;316,280,-124;315,280,-124;314,280,-124;311,281,-61;307,281,-122;315,271,-99;313,272,-117;316,268,-23;279,265,-121;345,264,-16;283,236,-191;375,268,-56;305,252,-255;385,268,-65;312,256,-278;386,269,-84;311,260,-273;383,269,-67;309,259,-255;301,207,20;276,207,-20;327,178,-34;250,171,-74;333,145,84;230,135,19;328,137,93;231,130,26;347,130,51;225,119,-30
321,274,-102;321,277,-93;321,278,-93;321,278,-93;319,278,-107;318,278,-107;317,278,-107;314,278,-45;310,279,-105;319,270,-83;317,270,-100;320,266,-13;282,263,-111;348,264,-11;285,236,-187;378,268,-55;306,251,-249;387,269,-65;312,255,-270;388,269,-80;312,258,-265;384,269,-67;310,257,-248;303,205,19;278,207,-19;330,177,-63;251,170,-69;332,144,52;232,136,26;327,137,61;232,132,33;347,130,21;227,120,-18
321,271,-103;321,275,-94;321,275,-94;321,275,-94;319,275,-106;318,275,-106;317,276,-106;315,276,-45;310,276,-103;319,268,-84;317,268,-100;320,263,-12;283,259,-111;349,263,-9;286,234,-194;377,267,-49;306,247,-264;387,268,-58;311,250,-287;388,269,-71;311,254,-281;384,269,-58;309,253,-264;305,203,20;280,205,-20;333,176,-58;253,170,-77;333,143,63;234,137,17;327,136,73;234,133,24;347,129,37;230,120,-28
321,270,-108;321,274,-98;321,274,-98;321,274,-98;319,274,-111;318,274,-111;316,274,-111;315,274,-50;310,276,-108;318,266,-88;316,266,-105;320,261,-17;283,258,-116;349,263,-16;289,232,-194;375,267,-57;308,245,-261;385,268,-67;314,248,-284;386,269,-80;314,252,-278;382,268,-66;311,250,-261;305,202,21;280,203,-21;335,176,-56;255,170,-72;332,143,65;236,137,24;327,136,76;236,133,31;348,129,40;232,120,-21
321,269,-98;320,273,-89;320,273,-89;320,274,-89;319,273,-103;318,274,-103;316,274,-103;315,274,-42;309,275,-103;319,266,-79;316,266,-97;320,260,-11;283,257,-115;346,261,-13;290,231,-194;371,266,-59;308,243,-253;380,267,-69;315,246,-274;380,268,-81;313,250,-268;377,268,-68;312,248,-252;306,202,21;280,202,-21;335,176,-59;256,168,-59;332,143,53;238,136,33;326,135,62;238,132,40;348,129,25;232,121,-10
319,269,-100;319,273,-92;319,273,-92;319,273,-92;317,273,-104;316,273,-104;315,274,-104;314,274,-43;308,275,-100;317,265,-81;315,265,-98;318,260,-12;281,258,-110;343,259,-32;288,231,-188;366,266,-101;312,244,-246;374,267,-115;319,248,-267;373,268,-123;319,251,-260;370,267,-108;317,250,-244;305,202,19;280,201,-19;334,176,-73;256,167,-50;332,143,37;239,136,36;327,135,47;239,132,42;348,129,9;232,121,-8
318,270,-98;318,273,-89;318,274,-89;318,274,-89;316,274,-102;315,274,-102;313,274,-102;313,274,-40;307,275,-99;316,266,-78;314,266,-95;317,261,-8;280,258,-108;336,255,-37;288,231,-178;356,265,-122;311,245,-216;366,267,-137;318,249,-234;365,268,-142;318,252,-227;361,267,-127;319,250,-214;303,202,18;279,201,-18;331,176,-71;255,167,-44;333,143,29;238,136,37;327,135,38;239,131,42;348,129,0;232,121,-6
318,271,-105;317,275,-97;318,275,-97;318,276,-97;316,275,-110;314,276,-110;313,276,-110;312,276,-47;307,277,-106;315,267,-85;313,267,-102;316,261,-11;280,259,-110;327,254,-25;287,232,-176;343,263,-93;310,247,-215;350,266,-106;317,249,-233;350,267,-112;317,253,-225;347,266,-99;317,252,-213;302,202,17;278,202,-17;330,177,-54;254,167,-35;333,143,48;238,135,58;327,135,57;239,131,66;348,129,19;233,121,16
315,274,-76;315,278,-67;315,279,-67;315,279,-67;313,279,-80;312,279,-80;311,279,-80;309,279,-19;303,281,-78;312,270,-56;311,270,-74;310,263,18;278,263,-84;322,254,35;284,232,-142;335,262,5;305,248,-178;339,265,0;309,250,-193;337,267,-1;310,254,-188;335,266,3;309,253,-176;300,205,18;276,203,-18;325,178,-18;254,168,-33;332,143,66;238,135,52;327,135,73;239,130,60;348,129,38;233,121,9
312,277,-81;311,281,-73;311,281,-73;311,281,-73;310,281,-86;309,281,-86;307,282,-86;305,282,-25;300,283,-82;309,273,-62;308,273,-80;305,266,10;276,264,-86;322,261,30;282,233,-120;324,263,11;302,249,-119;326,265,7;308,250,-129;323,267,4;307,254,-126;321,266,9;306,253,-117;297,208,18;274,205,-18;322,180,-13;254,169,-8;331,143,61;237,135,69;326,136,67;238,130,74;348,130,31;233,121,28
