291,277,-56;290,281,-51;290,281,-51;290,281,-51;289,281,-65;287,281,-65;286,282,-65;285,282,-13;279,283,-76;288,274,-40;286,274,-59;281,268,22;254,267,-85;292,251,32;267,237,-79;294,257,-15;287,251,-20;296,259,-24;293,253,-22;294,259,-27;292,257,-24;292,259,-19;289,257,-18;270,208,25;247,205,-25;294,176,-9;235,165,-2;301,138,63;228,133,84;296,131,69;229,128,91;317,126,33;224,118,47
291,277,-56;290,281,-50;290,281,-50;290,281,-50;289,281,-64;287,281,-64;286,282,-64;285,282,-8;279,283,-68;288,274,-39;286,274,-57;282,268,28;254,267,-80;294,259,25;268,237,-81;294,256,-40;287,251,-29;296,258,-52;293,254,-33;294,257,-54;292,257,-34;291,259,-44;289,257,-27;270,208,25;247,205,-25;294,176,-28;235,166,0;301,138,25;228,133,88;296,131,29;229,129,95;318,126,-12;224,118,50
291,277,-55;290,281,-48;290,281,-48;290,282,-48;289,281,-62;288,282,-62;286,282,-62;285,283,-5;279,283,-67;288,274,-37;286,274,-55;282,269,30;254,267,-80;294,258,24;269,237,-82;291,254,-42;288,252,-29;291,253,-54;294,254,-33;289,254,-56;292,258,-34;287,255,-46;290,257,-27;271,208,25;248,205,-25;294,176,-31;235,166,-1;301,138,23;228,133,87;296,131,26;229,129,94;318,126,-14;224,118,49
291,278,-52;290,281,-45;290,282,-45;290,282,-45;289,282,-60;288,282,-60;286,283,-60;285,283,-2;279,284,-67;288,274,-35;286,274,-53;282,269,32;254,267,-81;295,261,24;271,238,-82;293,255,-41;291,253,-24;294,254,-54;297,256,-28;290,254,-55;295,259,-29;289,255,-45;292,259,-22;271,208,26;248,205,-26;294,176,-29;236,167,-1;301,138,23;228,133,86;296,131,27;229,129,93;318,126,-13;224,118,47
291,278,-53;290,282,-46;290,282,-46;290,283,-46;289,282,-60;288,283,-60;286,283,-60;285,284,-3;280,284,-68;288,275,-35;286,275,-54;282,269,32;255,267,-84;299,264,15;272,238,-83;299,260,-61;293,254,-19;301,260,-74;300,258,-22;297,260,-75;300,260,-23;296,260,-65;295,260,-17;271,208,27;249,205,-27;294,175,-25;236,167,0;301,138,30;228,133,86;296,131,34;228,129,93;318,126,-5;224,118,49
291,278,-51;291,282,-45;291,282,-45;291,283,-45;289,282,-60;288,283,-60;287,283,-60;285,284,-4;280,284,-72;289,275,-34;287,275,-54;282,270,31;256,267,-90;299,260,19;274,238,-87;302,262,-47;296,255,-22;305,264,-58;304,259,-24;302,264,-59;303,262,-25;300,263,-50;298,261,-20;272,208,29;250,205,-29;295,175,-10;237,167,5;301,138,44;227,133,88;296,131,47;228,129,95;319,126,8;225,118,52
292,278,-55;292,282,-47;291,282,-47;291,283,-47;290,282,-62;289,283,-62;288,283,-62;286,284,-4;281,284,-71;290,275,-36;288,275,-56;283,270,32;258,267,-89;305,265,1;276,238,-86;305,264,-94;296,255,-22;307,265,-111;303,258,-24;304,264,-110;302,262,-25;302,263,-98;298,261,-19;273,208,29;252,205,-28;296,176,-29;239,167,2;301,138,16;227,133,82;296,131,19;228,129,89;319,126,-19;225,118,47
293,278,-51;292,282,-43;292,282,-43;292,283,-43;291,282,-58;290,283,-58;288,283,-58;286,284,1;281,284,-66;291,275,-32;289,275,-52;284,270,35;259,267,-84;306,265,8;276,237,-80;307,264,-79;295,254,-11;309,264,-94;302,257,-13;306,263,-94;300,260,-14;304,263,-83;297,260,-9;275,208,29;253,205,-29;299,176,-40;240,167,2;301,138,4;227,133,86;296,131,7;228,129,92;319,126,-32;225,118,50
294,278,-42;293,282,-35;293,282,-35;293,283,-35;292,282,-51;291,283,-51;289,283,-51;287,283,4;282,284,-65;291,275,-25;290,274,-46;284,270,37;260,265,-81;304,262,9;279,235,-73;305,262,-85;297,254,0;308,264,-100;303,257,0;305,263,-99;302,260,-1;302,262,-88;298,260,2;277,208,28;256,205,-28;303,178,-51;241,167,10;302,139,-9;227,133,102;296,132,-6;228,129,110;320,126,-47;225,119,68
296,277,-44;294,282,-38;294,282,-38;294,282,-38;293,282,-53;292,282,-53;291,282,-53;288,283,2;284,283,-65;293,274,-28;291,274,-48;286,269,32;261,263,-80;303,257,9;281,233,-70;304,259,-77;298,254,-1;307,262,-90;304,257,-2;304,263,-90;301,261,-2;302,261,-80;298,260,1;280,208,26;258,204,-26;308,179,-60;242,165,-1;304,141,10;227,133,104;298,134,14;228,129,113;320,126,-25;225,119,73
298,277,-45;297,281,-39;297,281,-39;296,282,-39;295,281,-54;294,282,-54;293,282,-54;290,282,0;286,282,-66;295,273,-29;293,273,-48;289,269,31;263,262,-80;305,259,0;283,232,-72;305,258,-98;300,254,-5;307,259,-115;304,258,-7;303,263,-113;301,261,-7;302,261,-102;299,260,-3;283,208,26;261,204,-26;313,181,-61;243,165,-17;307,143,15;227,133,80;300,136,20;228,129,88;323,127,-21;225,118,45
301,277,-45;300,281,-38;300,281,-38;300,281,-38;299,281,-52;297,281,-52;296,281,-52;294,282,1;289,282,-61;298,273,-29;296,273,-47;293,269,31;264,262,-72;310,260,-2;284,232,-73;301,253,-96;299,254,-22;300,251,-113;304,258,-26;297,252,-111;301,261,-25;297,252,-99;298,260,-19;286,208,25;264,204,-25;317,181,-65;245,165,-20;311,144,13;227,133,64;305,137,19;227,129,71;329,129,-17;225,118,26
305,277,-70;304,281,-62;304,281,-62;304,281,-62;303,281,-76;301,281,-76;300,282,-76;298,282,-19;293,282,-79;302,273,-52;300,273,-69;297,269,14;267,262,-88;313,263,-17;283,232,-107;302,252,-108;301,254,-71;301,250,-125;308,259,-78;298,251,-125;306,263,-75;298,251,-111;303,260,-67;290,209,24;267,205,-24;319,182,-69;248,167,-23;318,144,-2;227,133,45;312,137,3;227,129,50;336,130,-33;225,118,6
309,277,-75;309,281,-65;309,281,-65;309,282,-65;307,281,-80;306,282,-80;305,282,-80;303,282,-15;298,283,-79;307,273,-55;305,273,-74;302,269,20;270,264,-91;313,261,17;282,234,-142;327,262,-36;303,254,-153;331,263,-45;310,259,-165;331,265,-50;308,262,-159;328,264,-41;306,260,-149;293,208,23;269,205,-23;322,181,-63;248,169,-17;325,144,-1;227,133,54;319,137,3;227,129,59;343,130,-37;225,118,11
313,277,-77;314,281,-67;314,281,-67;314,281,-67;312,281,-81;311,281,-81;309,282,-81;308,282,-18;303,283,-83;311,272,-58;309,273,-76;309,268,16;274,265,-94;329,261,31;282,237,-170;351,267,-3;304,254,-224;360,269,-9;310,259,-244;361,270,-20;309,262,-238;358,269,-10;307,260,-222;298,208,23;273,207,-23;324,180,-60;249,170,-70;331,144,32;228,134,4;326,137,38;229,130,9;346,130,-3;225,119,-45
318,275,-109;318,280,-99;318,280,-99;318,280,-100;316,280,-113;315,280,-113;314,280,-113;311,281,-52;307,281,-113;315,271,-89;314,272,-107;315,268,-18;278,265,-115;343,263,-12;282,237,-186;375,268,-40;305,254,-242;385,268,-32;312,258,-264;386,269,-75;310,261,-258;383,268,-57;308,259,-242;301,207,19;276,207,-19;327,178,-57;250,171,-75;332,144,51;230,134,10;327,137,59;231,130,16;347,130,15;225,119,-37
321,273,-114;321,277,-105;321,277,-105;320,278,-105;319,277,-118;318,278,-118;317,278,-118;315,278,-58;309,279,-115;319,270,-94;317,270,-111;321,266,-25;282,263,-119;350,264,-26;285,236,-191;380,269,-67;307,253,-245;389,269,-73;314,258,-266;390,270,-92;312,261,-260;386,269,-77;310,259,-244;303,205,18;277,207,-18;330,177,-69;251,170,-68;332,143,41;232,135,23;326,136,50;233,131,30;347,130,9;227,120,-21
322,272,-111;322,275,-102;322,276,-102;322,276,-102;320,276,-115;319,276,-115;318,276,-115;316,276,-53;310,277,-113;320,268,-92;318,268,-110;320,264,-21;283,260,-122;351,263,-20;287,235,-202;378,267,-64;311,253,-262;388,268,-71;317,257,-285;389,269,-88;316,261,-277;385,269,-76;314,259,-261;305,203,20;280,205,-20;333,176,-64;253,170,-66;332,143,56;234,136,31;326,136,66;234,133,38;347,129,31;230,120,-13
321,270,-105;321,274,-96;321,274,-96;321,274,-96;320,274,-109;319,274,-109;317,274,-109;316,275,-48;310,275,-108;319,266,-86;317,266,-103;320,261,-16;283,258,-117;349,262,-14;289,233,-195;375,267,-59;308,244,-261;384,268,-68;315,249,-283;386,269,-85;313,251,-278;382,268,-69;312,250,-261;306,202,20;280,203,-20;335,176,-61;254,169,-67;332,143,57;236,136,29;326,136,67;236,133,36;348,129,30;232,120,-16
321,270,-101;320,274,-92;320,274,-92;320,274,-92;319,274,-106;318,274,-106;316,274,-106;315,274,-47;309,275,-107;318,266,-83;316,266,-101;320,260,-17;283,257,-117;347,260,-21;290,231,-193;371,266,-70;311,242,-248;380,267,-81;318,247,-268;380,268,-93;316,251,-262;377,267,-78;314,249,-247;306,202,20;280,202,-20;335,176,-64;256,168,-56;332,143,47;238,136,34;327,135,55;238,133,40;348,129,17;232,120,-10
319,269,-101;319,273,-92;319,273,-92;319,274,-92;317,273,-105;316,274,-105;315,274,-105;314,274,-44;308,275,-103;317,266,-82;315,266,-98;318,260,-13;282,258,-113;343,258,-28;289,232,-191;366,266,-92;312,244,-251;373,267,-106;319,249,-272;373,268,-114;319,251,-265;370,267,-99;317,250,-250;305,202,19;280,202,-19;333,176,-71;256,167,-46;333,142,40;239,136,44;327,135,50;240,132,51;348,129,10;232,121,-1
318,270,-102;318,274,-93;318,274,-93;318,274,-93;316,274,-106;315,274,-106;313,275,-106;313,275,-44;307,276,-103;316,266,-82;314,266,-99;317,261,-11;281,258,-113;336,256,-34;290,232,-188;356,265,-110;315,244,-228;366,267,-124;319,249,-246;365,267,-130;321,252,-239;361,267,-116;319,251,-225;303,202,18;279,202,-18;331,176,-74;255,167,-31;333,142,23;238,136,55;327,135,31;239,132,62;348,129,-8;232,121,10
317,271,-104;318,275,-96;318,275,-96;318,276,-96;316,275,-109;315,276,-109;313,276,-109;312,276,-47;307,277,-106;315,267,-84;313,267,-101;315,261,-11;280,260,-112;328,254,-28;288,233,-180;343,263,-98;310,246,-220;349,266,-111;317,250,-238;349,267,-116;318,252,-231;347,266,-103;315,251,-217;302,203,18;278,202,-18;330,176,-46;254,167,-35;332,142,51;238,136,56;327,135,60;239,132,63;348,129,22;233,121,13
315,274,-71;315,278,-63;315,279,-63;314,279,-63;313,279,-77;312,279,-77;311,279,-77;309,279,-18;304,280,-81;312,270,-53;311,270,-71;310,263,17;278,262,-87;322,253,22;285,233,-137;335,262,-23;305,247,-160;339,265,-31;310,250,-172;338,267,-32;311,253,-168;335,266,-26;310,252,-157;300,204,18;276,203,-18;326,178,-8;254,167,-20;332,142,81;238,136,68;327,135,88;239,131,74;348,129,53;233,121,27
312,277,-77;312,281,-68;312,281,-68;311,281,-68;310,281,-81;309,281,-81;308,281,-81;305,282,-22;300,282,-77;310,273,-58;308,273,-74;306,266,11;275,264,-82;322,261,10;282,234,-113;324,263,-35;301,248,-109;325,265,-44;307,251,-118;322,266,-45;306,254,-115;320,266,-38;305,252,-106;297,208,18;274,205,-18;322,180,-25;254,168,-2;331,143,80;237,135,76;326,136,70;238,131,82;347,130,33;233,121,35
310,278,-70;309,282,-62;309,283,-62;309,283,-62;308,282,-75;307,282,-75;305,283,-75;302,283,-18;298,284,-75;307,275,-52;305,274,-69;302,268,10;273,265,-81;320,265,-9;281,234,-98;315,263,-83;299,248,-69;316,265,-98;306,251,-76;312,266,-97;305,254,-74;311,265,-85;303,252,-66;294,209,18;272,206,-18;320,180,-52;254,169,15;324,143,3;237,135,104;318,136,7;238,131,110;340,130,-35;233,121,64
307,279,-71;306,284,-64;306,284,-64;306,284,-64;304,284,-76;303,284,-76;301,284,-76;300,284,-20;294,285,-73;304,276,-54;302,276,-69;300,269,8;271,265,-80;317,265,-25;280,235,-101;305,256,-108;300,249,-76;303,254,-124;307,252,-84;300,255,-122;305,255,-80;300,255,-111;303,254,-73;293,210,18;271,206,-18;319,181,-75;254,169,4;316,143,-11;237,135,94;309,136,-6;238,131,101;331,130,-50;233,121,54
305,280,-57;305,284,-49;305,284,-49;305,284,-49;303,284,-62;302,284,-62;300,284,-62;298,284,-7;293,285,-60;303,276,-40;301,276,-56;299,268,20;269,265,-67;315,261,-3;280,234,-75;309,256,-75;301,249,-25;311,257,-85;307,252,-25;306,257,-79;306,255,-22;305,256,-75;304,254,-20;292,209,18;270,206,-18;316,181,-75;254,169,5;308,143,-14;237,135,97;301,136,-9;238,131,104;321,128,-51;233,121,61
304,281,-44;304,285,-35;304,285,-35;303,285,-35;302,285,-48;301,285,-48;299,285,-48;297,285,7;292,286,-50;302,277,-27;300,277,-43;297,268,34;268,265,-61;313,257,5;278,234,-62;313,257,-75;300,248,1;315,258,-85;308,251,2;312,258,-82;306,254,4;310,257,-75;303,253,5;291,209,18;269,206,-18;312,180,-66;254,169,9;303,141,-11;237,135,99;297,136,-7;238,131,106;316,128,-49;233,121,63
303,281,-41;303,286,-32;303,286,-32;302,286,-32;301,286,-45;300,286,-45;298,286,-45;296,286,8;291,286,-48;301,277,-24;299,277,-41;297,268,38;268,265,-61;315,252,7;276,234,-63;317,254,-78;299,248,-6;318,255,-91;307,251,-5;315,257,-88;305,254,-4;314,256,-80;302,253,-2;290,209,19;268,206,-19;309,179,-51;253,169,12;302,140,0;237,135,97;296,135,4;238,131,104;316,128,-36;233,121,63
