201,263,-118;203,266,-111;203,266,-111;204,266,-112;201,267,-122;200,268,-122;199,268,-122;202,268,-61;193,270,-110;202,259,-97;198,261,-112;206,249,-19;172,254,-101;215,224,-50;180,227,-156;223,240,-141;198,252,-204;226,245,-158;203,259,-223;228,250,-159;202,261,-218;225,247,-145;200,259,-203;199,193,18;178,191,-18;213,162,23;174,152,13;221,125,117;176,122,120;217,118,125;178,119,129;234,113,83;174,106,80
202,262,-115;204,266,-108;204,266,-108;205,266,-108;201,267,-119;200,267,-119;199,268,-119;203,268,-59;194,270,-108;202,259,-94;199,260,-108;206,250,-19;172,254,-95;215,225,-50;180,227,-144;223,239,-141;197,252,-190;224,243,-158;201,259,-208;224,246,-161;199,261,-206;222,244,-145;197,259,-190;199,193,16;178,191,-16;214,161,16;174,152,26;221,125,86;176,122,127;218,118,91;178,119,134;234,113,47;174,106,89
202,262,-117;204,266,-111;204,266,-111;205,266,-111;202,267,-122;201,267,-122;199,268,-122;203,268,-61;194,270,-111;202,259,-97;199,260,-111;206,250,-22;172,254,-97;214,225,-56;180,227,-144;222,239,-150;196,252,-192;223,244,-168;201,259,-210;224,246,-170;198,262,-211;222,244,-154;196,259,-193;199,193,16;178,191,-16;214,161,13;174,152,29;221,125,86;176,122,133;218,119,91;178,119,141;235,113,46;174,106,95
202,261,-117;204,265,-111;205,265,-111;205,266,-111;202,266,-122;201,267,-122;200,268,-122;203,267,-61;194,270,-111;202,258,-97;200,259,-111;206,250,-24;171,254,-98;214,226,-59;180,227,-148;220,239,-153;196,252,-194;221,244,-171;200,259,-211;223,245,-173;197,262,-210;220,244,-157;196,260,-194;199,193,15;178,191,-15;214,161,13;174,152,27;221,125,84;175,122,129;218,119,90;178,119,138;235,113,46;174,106,91
202,261,-114;204,265,-108;205,265,-108;205,265,-108;202,265,-119;201,266,-119;200,267,-119;203,267,-60;194,270,-109;202,258,-94;200,259,-109;206,250,-23;171,254,-96;213,226,-54;180,227,-145;219,237,-140;195,252,-186;220,241,-155;200,259,-203;220,243,-158;197,262,-200;218,241,-143;195,260,-186;199,194,15;178,191,-15;214,161,10;174,152,25;221,125,76;175,122,118;218,119,81;178,119,125;235,113,39;174,106,82
203,260,-112;204,264,-105;205,265,-105;205,265,-105;202,265,-117;201,266,-117;200,267,-117;203,267,-58;194,269,-108;202,257,-92;200,259,-107;206,250,-23;171,254,-96;213,226,-49;180,227,-143;219,236,-134;195,253,-182;220,239,-150;200,259,-198;219,241,-152;196,262,-195;218,240,-138;195,260,-182;199,194,16;178,191,-16;214,161,12;174,152,25;221,125,80;175,122,119;218,119,85;178,119,127;235,113,44;174,106,83
203,260,-109;204,264,-103;205,264,-103;205,265,-103;202,265,-114;201,266,-114;200,267,-114;203,267,-56;194,269,-107;202,257,-90;200,258,-105;206,250,-23;171,254,-96;213,226,-52;180,227,-145;218,236,-137;195,253,-186;219,242,-151;200,260,-202;220,242,-154;196,262,-198;218,240,-139;195,260,-185;199,194,16;178,191,-16;215,161,12;174,152,27;221,125,80;175,122,124;218,119,85;178,119,132;235,113,44;174,106,89
203,260,-107;204,264,-101;205,264,-101;205,264,-101;202,265,-112;201,266,-112;200,266,-112;203,267,-54;194,269,-105;202,257,-88;200,258,-103;206,250,-22;171,254,-96;213,226,-55;180,227,-146;219,238,-144;195,253,-185;220,245,-160;199,260,-202;220,245,-160;196,262,-198;218,244,-146;195,260,-184;199,194,16;178,191,-16;216,161,11;175,152,33;221,125,82;175,122,138;218,119,88;177,119,147;235,113,46;174,106,104
203,260,-103;204,264,-97;205,264,-97;205,264,-97;202,265,-108;201,265,-108;200,266,-108;203,266,-50;194,269,-102;202,257,-84;200,258,-99;206,250,-18;170,253,-94;214,226,-54;180,227,-146;219,238,-143;195,253,-185;220,245,-159;199,260,-201;220,245,-159;196,262,-197;218,244,-145;194,260,-184;199,193,16;178,191,-16;217,161,-2;175,151,35;221,125,71;175,122,147;218,119,77;177,119,156;235,113,35;174,106,114
203,260,-103;204,264,-96;205,264,-96;205,264,-96;202,265,-108;201,265,-108;200,266,-108;203,266,-48;194,269,-99;202,257,-83;200,258,-98;206,250,-16;170,253,-92;214,225,-53;180,226,-144;219,238,-143;195,253,-185;220,245,-159;199,260,-201;221,245,-159;196,262,-196;218,244,-145;194,260,-183;200,193,15;179,190,-15;219,160,-14;176,151,34;221,125,62;175,122,148;218,119,68;177,119,158;235,113,25;174,106,115
203,260,-102;204,263,-95;205,263,-95;205,264,-95;202,264,-105;201,265,-105;199,266,-105;203,265,-45;194,269,-93;202,257,-82;199,258,-96;206,250,-13;171,252,-85;214,223,-51;180,225,-140;219,237,-144;194,253,-186;220,244,-160;199,260,-202;221,243,-159;196,262,-197;219,242,-146;194,260,-185;201,193,15;180,190,-15;222,160,-37;176,150,30;221,125,46;175,122,148;218,120,53;177,119,158;235,113,8;174,106,114
202,259,-89;204,262,-82;205,262,-82;205,262,-82;202,263,-92;200,264,-92;199,265,-92;203,264,-36;194,268,-78;202,256,-69;199,257,-82;207,250,-5;171,252,-68;214,223,-35;180,223,-119;219,233,-122;194,252,-162;220,236,-137;199,259,-176;221,238,-139;195,261,-171;219,237,-125;194,259,-160;203,193,14;181,190,-14;224,160,-41;177,150,22;222,126,48;175,122,143;218,122,55;177,119,152;235,113,11;174,106,108
202,259,-90;204,262,-83;205,262,-83;205,263,-83;201,263,-91;200,264,-91;198,265,-91;204,264,-33;194,268,-73;202,256,-70;199,257,-82;207,249,-3;172,251,-63;216,222,-38;180,223,-120;223,235,-123;194,251,-171;226,241,-138;198,258,-186;226,243,-139;195,260,-181;224,241,-126;194,258,-170;205,192,13;183,189,-13;227,160,-49;178,149,4;225,128,45;175,122,126;220,123,53;177,119,136;236,113,12;174,106,94
202,260,-87;204,263,-79;205,263,-79;205,263,-79;201,264,-87;200,264,-87;198,265,-87;204,264,-29;194,268,-66;202,257,-67;199,258,-78;208,248,1;173,251,-57;219,222,-34;180,223,-116;227,237,-120;194,251,-170;230,243,-134;198,258,-185;229,246,-135;195,260,-180;228,243,-123;194,258,-169;207,192,13;185,189,-13;230,161,-58;179,150,0;228,129,31;176,122,117;223,125,39;177,119,127;238,113,-2;174,106,86
203,261,-91;205,264,-84;206,264,-84;206,264,-84;202,265,-92;200,265,-92;199,266,-92;205,265,-35;195,268,-74;203,258,-71;200,258,-83;210,249,-2;174,251,-64;223,222,-37;180,223,-122;230,239,-121;194,251,-174;233,245,-136;198,258,-189;233,247,-135;195,260,-184;231,245,-123;194,258,-173;209,192,12;187,189,-12;232,162,-41;181,151,5;233,130,44;176,122,116;229,125,52;177,119,125;245,114,10;174,106,83
205,262,-118;207,265,-111;207,265,-111;208,266,-111;204,266,-120;202,266,-120;201,267,-120;207,266,-59;197,268,-97;205,259,-96;202,259,-107;212,249,-16;175,251,-76;227,225,-40;180,223,-136;235,239,-123;194,250,-203;238,245,-138;198,257,-221;238,248,-142;195,259,-216;237,246,-128;194,257,-202;211,193,12;189,190,-12;233,162,1;181,152,14;239,130,107;177,122,132;235,125,116;178,120,142;252,115,75;174,106,95
207,262,-140;209,266,-133;209,266,-133;210,266,-133;206,266,-141;205,267,-141;203,267,-141;209,266,-75;198,269,-113;207,259,-117;204,260,-128;214,250,-26;178,251,-94;233,230,-41;180,222,-167;244,242,-118;194,249,-249;250,248,-131;198,255,-271;250,250,-136;196,258,-266;247,248,-122;194,256,-249;213,193,12;191,190,-12;235,162,11;183,152,7;246,129,119;177,122,119;243,124,128;178,120,128;259,115,86;174,106,79
210,263,-127;212,267,-119;212,267,-119;213,267,-119;209,267,-127;207,268,-127;205,268,-127;211,267,-63;201,269,-106;210,260,-105;206,261,-115;217,251,-21;182,251,-85;238,237,-41;181,222,-155;248,245,-122;195,249,-241;251,248,-137;199,256,-264;250,250,-138;198,258,-259;249,248,-126;197,256,-241;216,193,11;194,191,-11;237,162,2;184,153,0;252,129,107;177,122,103;250,124,115;178,119,111;264,115,69;174,106,58
213,263,-149;215,267,-141;215,267,-141;216,267,-141;212,267,-148;210,268,-148;208,268,-148;214,267,-85;204,269,-116;213,260,-127;209,261,-135;222,251,-46;186,251,-97;244,243,-88;183,222,-179;257,248,-181;199,249,-271;263,249,-201;202,255,-296;262,250,-206;201,258,-290;258,249,-187;200,256,-270;218,193,9;195,191,-9;241,161,-23;185,153,13;256,129,81;177,123,146;254,124,89;178,120,157;267,114,33;174,106,106
217,263,-158;218,267,-151;219,267,-151;220,267,-151;215,267,-159;214,267,-159;212,267,-159;218,267,-96;208,268,-132;217,260,-136;213,260,-147;226,251,-47;191,251,-116;253,249,-37;185,223,-193;271,259,-65;200,249,-278;281,259,-72;202,255,-301;280,259,-84;202,258,-296;277,258,-72;201,256,-278;220,193,10;198,191,-10;243,160,0;186,153,2;257,128,111;177,123,137;256,123,119;179,120,147;268,114,70;174,106,99
219,261,-174;221,264,-166;221,264,-166;222,264,-166;218,264,-172;217,265,-172;215,265,-172;221,265,-110;211,265,-135;220,259,-151;217,259,-158;231,251,-55;196,249,-110;260,252,-38;188,222,-172;285,258,-68;200,238,-244;295,258,-74;201,240,-265;296,258,-86;201,244,-260;292,257,-75;200,242,-244;223,191,10;201,190,-10;245,158,15;188,152,1;259,127,128;177,123,125;257,122,136;179,120,136;269,113,86;174,106,83
223,258,-187;224,261,-180;224,261,-180;225,261,-180;221,261,-184;219,261,-184;218,261,-184;225,261,-123;214,262,-140;223,255,-164;220,255,-169;235,251,-62;201,246,-110;263,254,-41;189,219,-169;290,257,-71;202,234,-236;300,257,-78;205,237,-258;300,257,-90;204,244,-252;297,256,-78;203,242,-236;226,189,10;204,189,-10;249,156,27;189,151,-14;259,126,159;177,123,97;257,121,170;179,120,106;269,112,124;174,106,52
225,256,-171;226,260,-164;227,260,-164;227,260,-164;222,259,-168;221,259,-168;220,259,-168;228,260,-109;217,260,-130;226,253,-149;222,253,-155;236,249,-55;202,245,-106;264,252,-42;192,216,-169;286,260,-81;202,230,-259;297,258,-90;205,234,-282;298,257,-101;206,238,-279;291,258,-87;206,236,-261;228,188,11;206,188,-11;251,156,17;191,150,-16;259,125,141;178,123,90;256,121,151;179,120,99;270,112,107;174,106,46
226,255,-160;227,258,-153;228,258,-153;229,258,-153;224,258,-158;222,258,-158;221,259,-158;229,258,-97;217,259,-125;227,252,-138;224,252,-146;236,246,-51;203,244,-103;263,248,-27;195,215,-172;281,257,-60;203,228,-269;290,257,-68;205,230,-292;290,257,-78;206,235,-290;285,256,-66;206,233,-271;230,187,12;207,187,-13;252,155,15;192,149,-16;260,125,134;179,123,90;257,120,143;180,120,99;270,112,103;174,106,49
226,254,-157;227,257,-152;228,257,-152;230,257,-152;223,257,-151;222,258,-151;221,258,-151;230,258,-95;218,259,-108;227,251,-135;223,252,-136;237,245,-46;203,244,-81;260,243,-78;195,214,-150;274,247,-166;205,228,-253;288,249,-185;211,234,-274;280,249,-187;211,238,-272;280,247,-170;209,235,-254;231,187,8;208,187,-8;253,155,-8;193,149,-11;260,124,118;180,123,101;257,120,129;182,120,110;270,111,87;175,106,60
225,254,-134;227,257,-128;228,257,-128;229,258,-128;223,258,-132;222,258,-132;220,258,-132;229,258,-70;217,259,-93;226,251,-111;223,252,-117;237,245,-18;203,245,-68;257,236,-28;196,215,-136;269,234,-112;205,229,-241;274,235,-130;209,232,-265;271,235,-141;209,236,-266;271,235,-118;209,235,-243;230,187,8;208,187,-8;252,155,-19;192,149,-23;260,124,89;181,123,89;257,120,98;183,120,98;270,111,52;175,106,49
226,255,-132;227,258,-125;228,258,-126;229,258,-126;224,258,-129;222,259,-129;221,259,-129;229,259,-73;217,260,-91;226,252,-110;223,252,-116;237,245,-27;202,245,-63;255,231,-66;194,216,-127;263,234,-163;206,231,-226;267,230,-183;209,235,-249;264,232,-188;211,239,-247;263,231,-168;210,237,-227;229,188,5;206,188,-5;251,155,-14;192,150,-27;260,124,99;182,122,64;257,120,109;184,119,71;269,112,63;175,106,19
225,257,-120;226,261,-114;227,261,-114;228,261,-114;223,261,-118;222,261,-118;220,262,-118;228,261,-62;216,262,-80;226,254,-99;223,254,-105;236,245,-22;202,247,-56;252,226,-66;193,219,-117;255,237,-153;207,236,-206;258,247,-170;213,244,-227;257,250,-169;210,246,-222;255,246,-156;210,244,-207;228,189,6;205,189,-6;250,156,1;191,151,-32;260,124,102;182,122,54;257,120,111;185,118,60;269,112,66;175,106,11
224,260,-93;226,263,-86;227,263,-86;228,263,-86;223,263,-91;221,264,-91;220,264,-91;228,263,-36;215,265,-56;225,256,-73;222,257,-79;235,246,1;201,249,-35;245,221,-32;193,221,-93;248,239,-120;210,240,-177;249,246,-136;216,246,-195;248,249,-131;214,250,-190;247,246,-120;213,247,-176;228,191,6;204,191,-6;247,158,2;191,151,-28;259,125,98;182,122,59;257,120,105;185,118,66;269,112,60;175,107,18
224,261,-97;225,265,-89;226,265,-89;227,265,-89;222,265,-96;221,266,-96;219,266,-96;228,265,-37;215,268,-67;225,258,-75;222,259,-84;232,247,3;196,252,-42;237,221,-17;189,224,-97;243,238,-100;208,242,-179;244,245,-114;213,248,-197;244,247,-114;213,252,-192;243,246,-102;212,250,-178;226,194,6;203,193,-6;244,159,-5;189,152,-34;259,125,88;182,122,63;257,120,95;185,118,71;269,112,52;175,107,24
224,262,-103;225,265,-96;226,265,-96;227,265,-96;222,266,-103;220,267,-103;219,267,-103;226,266,-43;214,269,-76;224,259,-82;221,260,-92;228,247,-3;193,253,-51;232,221,-24;188,225,-112;242,237,-108;208,244,-196;245,245,-122;212,251,-215;245,246,-125;212,253,-210;243,245,-111;211,251,-195;222,195,7;200,193,-7;242,160,-3;187,153,-27;255,126,91;182,122,68;252,121,98;184,118,76;266,112,55;175,107,27
222,263,-108;223,266,-101;224,266,-101;224,266,-101;221,267,-108;219,267,-108;218,268,-108;223,267,-49;212,270,-81;222,260,-87;219,261,-97;226,248,-10;190,253,-57;229,222,-42;187,225,-117;239,238,-135;207,246,-199;242,245,-152;212,253,-218;242,246,-152;211,257,-212;240,245,-138;210,255,-198;220,195,7;198,193,-7;239,161,-7;186,153,-8;248,127,79;182,122,87;245,122,86;184,118,95;257,112,40;175,107,46
220,263,-89;221,266,-82;222,266,-82;222,266,-82;219,267,-89;217,267,-89;216,268,-89;221,267,-34;210,270,-64;220,260,-70;217,261,-78;224,248,0;189,253,-45;228,222,-26;187,225,-100;237,238,-107;207,247,-169;240,244,-121;211,253,-185;241,246,-123;211,258,-180;239,245,-110;209,256,-168;218,195,7;196,193,-7;237,162,-38;186,154,-5;242,128,36;182,122,86;237,124,42;184,118,93;250,113,-4;175,107,45
217,264,-84;219,267,-77;219,267,-77;220,267,-77;216,268,-83;215,268,-83;213,269,-83;219,267,-30;208,270,-59;218,260,-65;214,261,-73;223,249,3;188,254,-42;226,222,-19;187,226,-94;235,238,-95;207,247,-156;237,244,-108;211,253,-170;238,246,-109;210,258,-166;236,245,-97;208,255,-155;216,196,8;195,194,-8;235,162,-35;186,154,-6;237,128,32;181,122,77;232,124,36;184,118,83;246,113,-8;175,107,37
215,264,-86;217,267,-79;217,267,-79;218,267,-79;214,268,-86;213,268,-86;211,269,-86;217,267,-31;205,270,-62;216,260,-67;212,262,-76;221,249,5;186,253,-46;226,222,-17;186,225,-101;235,239,-92;206,248,-163;236,244,-105;210,254,-177;237,247,-106;209,258,-173;236,245,-95;207,256,-162;215,196,9;194,194,-9;233,162,-33;185,154,-8;234,128,37;181,122,75;230,123,42;184,118,81;245,113,-3;175,107,35
213,264,-84;215,267,-77;216,267,-77;217,267,-77;212,268,-85;211,268,-85;209,269,-85;215,267,-28;204,270,-63;214,260,-65;210,262,-75;218,249,6;184,253,-46;224,222,-16;185,225,-100;234,239,-93;204,247,-162;237,244,-106;209,253,-177;238,247,-108;206,257,-173;236,246,-96;206,255,-162;214,196,10;192,194,-10;232,162,-25;184,154,-8;234,128,51;181,122,75;230,123,57;184,117,82;245,113,12;175,107,37
212,264,-84;213,267,-77;214,267,-77;215,267,-77;211,268,-84;209,268,-84;208,269,-84;214,267,-27;203,270,-59;213,260,-65;208,261,-74;219,248,5;183,253,-43;224,222,-22;184,225,-98;232,239,-100;204,247,-155;233,244,-115;209,254,-170;234,248,-112;206,258,-165;232,247,-102;206,255,-154;213,195,10;192,194,-10;230,162,-12;184,154,-4;234,128,59;181,122,82;230,122,65;184,117,89;245,113,19;175,107,44
210,264,-103;213,267,-96;213,267,-96;214,267,-96;210,268,-102;208,268,-102;207,269,-102;213,266,-42;202,270,-74;211,260,-82;207,261,-91;217,248,1;182,253,-55;225,221,-30;183,224,-115;232,239,-117;202,247,-182;234,244,-132;207,253,-199;234,248,-131;204,257,-193;233,247,-119;204,255,-181;213,195,10;191,193,-10;230,161,-12;183,154,4;234,127,64;181,122,105;230,122,70;184,117,113;244,113,19;175,107,65
211,264,-103;212,267,-95;213,267,-95;214,267,-95;210,268,-102;209,268,-102;207,269,-102;213,267,-43;202,270,-77;212,260,-81;208,262,-91;217,248,0;182,253,-59;224,221,-28;183,222,-114;231,239,-111;200,246,-180;233,245,-124;206,253,-196;233,248,-125;203,256,-191;232,247,-113;202,254,-179;213,195,10;190,193,-10;229,161,-2;183,154,3;234,127,77;181,122,99;230,122,83;184,117,106;244,113,37;175,107,59
211,264,-100;212,267,-93;213,267,-93;213,267,-93;210,268,-102;209,269,-102;208,269,-102;212,267,-43;202,270,-81;212,261,-80;208,262,-91;216,248,0;182,253,-66;224,221,-24;183,222,-121;231,239,-100;200,246,-180;233,245,-112;205,253,-196;234,248,-113;203,256,-191;234,247,-103;202,254,-179;212,195,11;190,193,-11;229,161,2;183,154,7;234,127,79;181,122,103;230,122,84;184,118,110;244,113,39;175,107,64
211,264,-100;212,268,-93;212,268,-93;213,267,-93;210,268,-102;209,269,-102;207,270,-102;211,267,-43;202,270,-85;211,261,-80;208,262,-92;216,248,-2;180,253,-69;223,222,-25;183,222,-124;231,238,-100;200,246,-186;233,244,-113;205,253,-202;233,248,-115;203,256,-199;233,246,-104;202,254,-186;212,195,12;190,193,-12;228,161,3;183,154,14;234,127,76;181,122,108;230,121,82;184,118,115;244,113,36;175,107,66
211,265,-101;212,268,-94;212,268,-94;213,268,-94;210,269,-103;209,269,-103;208,270,-103;210,268,-43;202,271,-87;211,261,-80;208,262,-93;215,248,-2;181,253,-71;223,222,-25;183,222,-127;231,239,-101;200,247,-189;233,245,-114;205,253,-205;234,249,-117;203,256,-202;233,247,-106;202,254,-189;212,196,12;190,193,-12;227,161,10;184,154,17;234,127,76;181,122,107;230,120,81;184,118,114;244,113,35;175,107,65
210,265,-103;211,268,-96;211,268,-96;212,268,-96;209,269,-105;208,269,-105;207,270,-105;210,268,-46;201,271,-87;211,261,-82;208,262,-94;215,248,-3;181,253,-70;223,222,-27;183,222,-125;230,240,-103;201,247,-189;232,246,-115;205,253,-205;232,250,-118;204,257,-201;231,248,-107;202,255,-188;212,196,12;190,194,-12;226,161,9;184,154,17;234,127,73;181,122,106;230,120,76;184,118,113;244,113,29;175,107,64
