233,273,-125;234,276,-117;235,276,-117;236,275,-117;232,277,-123;230,277,-123;229,278,-123;235,275,-66;224,277,-89;233,270,-105;229,271,-112;243,255,-33;206,257,-78;253,234,-75;208,229,-141;256,244,-168;223,246,-222;259,246,-189;235,251,-245;257,249,-190;234,255,-241;255,247,-172;232,254,-223;233,193,11;210,193,-11;244,158,8;206,151,17;249,119,112;210,119,130;244,111,120;214,116,140;261,103,73;206,103,91
233,271,-113;234,274,-107;235,274,-107;236,274,-107;232,275,-116;231,275,-116;230,276,-116;235,275,-59;225,276,-96;233,268,-93;230,268,-105;243,255,-16;205,257,-81;252,231,-43;209,228,-131;254,243,-134;229,249,-190;255,245,-151;235,254,-209;254,249,-153;234,257,-206;253,247,-138;232,256,-190;233,194,12;210,194,-12;244,158,4;206,151,23;249,118,75;209,119,132;244,111,80;213,116,141;261,103,27;206,103,91
233,270,-103;235,274,-97;235,274,-97;236,274,-97;232,274,-107;231,275,-107;230,275,-107;235,275,-51;225,276,-95;233,267,-83;230,267,-96;242,254,-12;204,257,-79;250,228,-37;209,228,-121;248,238,-124;231,249,-177;250,242,-140;235,254,-196;250,246,-142;234,257,-193;248,245,-127;232,256,-177;232,195,12;210,194,-12;243,157,4;206,152,22;249,118,77;209,119,125;244,112,82;212,116,132;261,103,31;206,103,83
233,269,-96;235,274,-91;235,274,-91;236,274,-91;232,274,-100;231,274,-100;230,275,-100;235,274,-46;225,276,-89;233,266,-77;230,267,-89;242,254,-10;204,257,-75;250,229,-37;209,228,-118;247,239,-118;231,251,-169;247,242,-133;235,256,-187;246,246,-134;234,258,-184;245,246,-120;232,257,-169;232,195,12;209,194,-12;243,157,4;206,152,21;249,118,76;209,119,120;244,112,81;212,116,128;261,104,32;206,103,80
232,269,-97;234,273,-92;234,273,-92;235,273,-92;232,273,-100;231,274,-100;230,274,-100;234,274,-48;225,275,-85;232,266,-78;230,266,-89;241,254,-12;203,257,-71;249,229,-41;208,228,-112;245,240,-119;230,251,-161;243,244,-134;233,256,-178;242,248,-134;231,259,-175;241,247,-121;230,257,-161;231,195,12;209,194,-12;243,157,4;206,152,21;249,118,71;209,119,119;245,112,76;212,116,126;261,104,27;206,103,80
232,268,-86;233,273,-80;234,273,-80;234,273,-80;231,273,-89;231,273,-89;229,274,-89;233,274,-38;225,275,-78;232,265,-67;229,266,-79;239,254,-4;202,257,-67;248,230,-29;208,228,-106;245,240,-105;229,252,-148;244,244,-120;232,257,-164;243,248,-120;230,260,-161;242,247,-108;228,258,-148;230,195,12;208,194,-12;242,157,3;206,152,21;249,118,64;209,119,111;245,112,68;212,116,117;261,104,20;206,103,72
230,268,-79;232,272,-73;233,273,-74;233,273,-74;230,273,-82;229,273,-82;228,274,-82;232,274,-32;224,275,-68;230,265,-61;227,266,-71;238,254,-2;202,257,-58;248,233,-30;207,228,-99;243,242,-98;227,253,-135;241,244,-111;230,258,-150;239,248,-111;228,261,-147;238,247,-100;226,259,-135;230,196,11;208,194,-11;242,157,3;206,152,22;249,118,66;209,120,112;245,112,70;212,116,119;261,104,23;206,103,75
229,268,-84;231,272,-79;232,272,-79;233,272,-79;229,272,-86;228,273,-86;227,273,-86;232,272,-36;222,275,-69;229,264,-66;226,265,-76;238,254,-4;201,257,-59;248,232,-33;207,228,-100;244,244,-103;226,255,-142;243,247,-116;229,260,-157;242,251,-115;227,262,-154;241,250,-105;225,261,-142;230,196,11;208,194,-11;242,157,5;206,152,24;249,119,68;208,120,115;245,112,72;212,117,122;261,104,26;206,103,77
228,267,-94;231,271,-91;231,271,-91;232,271,-91;228,272,-97;227,272,-97;225,273,-97;232,272,-47;221,274,-75;229,263,-75;225,264,-83;238,254,-10;201,257,-62;248,231,-35;206,228,-108;244,244,-115;224,255,-158;244,248,-129;228,260,-176;243,252,-129;224,263,-173;241,250,-117;223,261,-158;230,196,10;208,194,-10;242,157,5;206,152,27;249,119,68;208,120,115;245,112,73;212,117,123;261,104,26;206,103,80
227,267,-103;230,271,-98;231,271,-98;232,271,-98;227,271,-103;225,272,-103;224,273,-103;232,272,-52;220,274,-77;228,263,-83;224,264,-89;238,254,-15;201,257,-62;248,231,-44;206,228,-108;245,244,-118;224,255,-162;245,248,-133;228,260,-180;244,251,-133;225,263,-177;242,250,-121;223,261,-163;230,196,9;208,194,-9;242,157,2;205,152,26;249,119,66;208,120,116;245,113,70;212,117,123;261,104,23;206,103,80
227,267,-103;230,271,-98;231,271,-98;232,271,-98;226,272,-104;225,272,-104;224,273,-104;232,271,-52;219,274,-77;228,263,-83;224,264,-89;238,254,-15;200,257,-61;248,230,-44;206,228,-108;246,244,-118;224,255,-164;246,248,-132;228,260,-181;245,251,-132;225,263,-178;243,250,-121;223,262,-164;230,196,9;208,194,-9;242,157,0;205,152,25;249,119,66;208,120,117;245,113,71;212,117,125;261,104,24;206,103,84
227,267,-118;229,271,-113;231,271,-113;232,271,-113;226,271,-118;225,272,-118;224,272,-118;232,271,-66;219,273,-85;228,263,-97;224,264,-103;238,254,-26;200,257,-62;248,229,-58;205,228,-109;246,245,-138;222,255,-181;247,250,-152;225,260,-199;247,254,-152;221,263,-195;245,252,-140;221,261,-181;230,195,7;208,194,-7;243,157,0;205,152,26;249,119,69;208,120,122;245,113,74;212,117,130;261,104,26;206,103,85
227,267,-136;230,271,-131;231,271,-131;232,271,-131;226,271,-135;225,272,-135;224,272,-135;232,271,-80;219,273,-99;228,263,-115;224,264,-120;239,254,-35;201,257,-72;248,229,-67;204,227,-133;253,245,-153;214,255,-224;255,250,-168;216,262,-245;255,253,-170;214,266,-242;252,252,-156;215,263,-225;231,195,7;208,194,-7;244,157,-6;205,152,25;250,119,66;208,120,129;245,113,71;212,117,137;261,104,19;205,103,90
227,267,-133;230,271,-127;231,271,-127;232,271,-127;226,271,-131;225,272,-131;224,272,-131;232,271,-74;219,273,-94;229,263,-111;224,264,-117;239,254,-31;201,256,-71;250,229,-62;203,227,-136;256,245,-147;212,255,-229;259,249,-163;214,262,-251;259,253,-166;213,266,-248;256,251,-151;214,263,-230;232,195,7;209,194,-7;246,156,-11;205,152,18;250,119,68;208,120,129;245,113,73;212,117,138;261,104,22;205,103,91
227,267,-124;230,271,-118;231,271,-118;232,271,-118;227,271,-123;225,272,-123;224,272,-123;232,271,-68;220,273,-84;229,263,-103;224,264,-110;240,255,-28;201,256,-60;251,230,-59;202,228,-135;257,244,-143;213,255,-211;259,249,-159;216,263,-232;259,252,-162;215,267,-228;256,250,-147;215,264,-211;233,195,7;210,194,-7;249,156,-11;206,151,10;251,119,74;208,120,123;246,113,81;212,117,132;261,104,31;205,103,87
227,268,-122;230,271,-115;231,271,-115;232,271,-115;227,272,-122;225,272,-122;224,272,-122;233,271,-66;220,273,-71;229,264,-101;225,264,-110;242,255,-27;203,256,-48;254,235,-76;202,228,-119;261,244,-177;213,255,-208;264,246,-197;217,263,-231;262,249,-200;214,266,-227;259,248,-181;215,263,-209;235,195,4;212,194,-4;251,156,-16;206,151,12;253,120,69;208,120,125;249,114,75;211,117,134;261,104,22;205,103,87
227,269,-121;230,272,-114;231,272,-114;232,272,-114;226,272,-121;225,273,-121;223,273,-121;233,272,-65;220,273,-69;229,265,-100;225,265,-107;243,255,-29;204,256,-44;255,234,-78;201,228,-108;264,242,-176;208,254,-203;269,244,-195;210,262,-224;268,247,-199;210,266,-221;265,245,-180;211,263,-204;236,195,3;213,194,-3;253,157,-15;207,152,16;256,120,68;208,120,125;253,115,74;211,117,134;263,104,22;205,104,87
228,269,-130;230,273,-123;232,273,-123;233,273,-123;226,273,-126;225,273,-126;223,273,-126;234,272,-71;220,273,-70;230,265,-109;226,265,-112;244,255,-32;206,255,-50;258,235,-77;200,227,-110;269,242,-176;209,253,-213;274,244,-196;213,261,-235;274,247,-200;211,264,-232;270,246,-181;212,261,-214;238,195,4;214,194,-4;255,157,-15;208,152,17;261,121,76;208,120,125;258,116,82;211,116,133;269,104,28;205,104,82
229,270,-137;231,273,-131;233,273,-131;234,274,-131;227,273,-132;226,273,-132;224,273,-132;235,273,-77;222,273,-80;232,266,-116;227,266,-118;246,255,-37;208,255,-52;261,235,-79;200,227,-114;273,241,-175;210,251,-217;277,243,-194;212,259,-239;276,246,-198;212,263,-236;273,245,-180;213,260,-218;240,195,4;216,194,-4;257,157,-6;209,152,16;266,121,77;208,120,112;263,116,82;211,116,119;276,105,29;205,104,68
231,270,-151;233,274,-144;234,274,-144;235,274,-144;228,273,-145;226,273,-145;225,273,-145;237,273,-92;223,273,-92;233,266,-130;229,266,-131;249,255,-51;211,254,-63;266,237,-96;200,227,-128;282,242,-189;209,250,-231;287,245,-210;212,257,-254;286,247,-214;213,261,-251;283,245,-194;213,259,-232;242,195,3;218,194,-3;261,157,3;210,152,25;272,121,89;208,120,130;270,116,95;211,116,138;282,105,41;205,104,85
234,270,-164;236,274,-156;237,274,-156;238,274,-156;232,273,-159;230,273,-159;228,273,-159;239,273,-100;226,273,-110;236,266,-142;232,265,-145;252,255,-53;212,254,-86;274,241,-58;201,227,-163;297,245,-109;210,250,-272;306,247,-121;213,257,-298;307,248,-132;213,262,-295;303,246,-116;213,259,-274;244,194,4;220,194,-4;264,156,-5;210,152,27;277,120,85;208,120,141;275,115,91;211,116,150;286,104,26;205,104,95
236,268,-169;237,272,-162;239,272,-162;240,273,-162;234,272,-163;232,272,-163;230,272,-163;240,272,-106;228,271,-112;237,264,-146;233,264,-148;254,255,-56;215,253,-87;278,246,-54;203,227,-164;306,248,-97;211,248,-272;316,248,-107;213,253,-296;316,248,-119;215,257,-295;312,247,-104;215,255,-275;246,193,4;222,193,-4;266,155,-17;211,149,11;280,120,73;209,120,129;278,114,79;211,116,139;288,103,18;205,104,82
237,266,-193;239,270,-188;240,270,-188;241,270,-188;235,270,-189;233,270,-189;232,269,-189;242,270,-133;230,269,-136;239,263,-171;235,262,-172;257,254,-76;217,252,-111;285,248,-67;206,227,-190;311,249,-108;216,248,-293;319,249,-118;219,252,-317;320,249,-130;222,256,-314;317,248,-115;221,254,-295;249,191,4;224,191,-4;269,153,-15;211,147,12;283,118,93;209,120,152;281,113,101;212,116,163;289,102,39;205,104,109
239,263,-182;241,267,-176;242,267,-176;243,268,-176;237,267,-178;236,267,-178;234,267,-178;244,267,-120;232,267,-126;241,260,-159;237,260,-161;258,252,-65;219,251,-105;284,248,-65;209,226,-194;310,249,-108;223,248,-306;320,250,-120;227,252,-333;320,249,-132;229,256,-329;317,248,-116;228,254,-308;251,188,4;226,187,-4;271,151,-28;211,146,0;283,118,95;209,120,151;281,113,105;212,116,164;289,101,49;205,104,115
239,261,-167;241,265,-160;242,265,-160;244,265,-160;237,264,-162;236,264,-162;235,264,-162;245,265,-106;232,264,-115;242,258,-144;238,258,-147;259,251,-51;221,249,-93;286,247,-38;214,226,-176;315,249,-79;227,245,-286;324,250,-89;230,247,-313;325,250,-103;233,250,-310;322,249,-87;232,249,-288;252,186,6;227,185,-6;273,149,-5;212,146,-3;283,118,117;209,120,143;280,113,127;212,116,154;290,101,72;205,104,104
240,259,-166;242,263,-160;243,263,-160;244,263,-160;238,262,-160;236,262,-160;235,262,-160;245,263,-105;233,262,-107;242,256,-143;238,256,-142;260,249,-44;222,246,-89;286,246,-33;215,223,-166;313,249,-75;224,236,-279;322,250,-84;228,236,-306;324,250,-98;229,242,-305;320,249,-82;228,241,-283;253,184,6;228,184,-6;274,148,-13;213,144,1;284,117,102;209,120,150;281,112,111;212,116,164;290,101,57;205,104,118
239,258,-175;241,261,-169;242,261,-169;243,261,-169;237,261,-170;236,261,-170;235,261,-170;245,261,-115;232,261,-118;241,255,-152;237,255,-153;260,247,-59;221,244,-102;285,245,-53;215,217,-189;311,249,-99;225,236,-302;320,250,-111;229,240,-329;321,250,-122;230,244,-326;317,249,-106;230,243,-304;252,183,6;227,183,-6;274,147,-39;214,142,3;284,117,87;209,120,170;281,112,99;212,117,185;290,101,43;205,104,140
238,258,-167;240,261,-163;242,262,-163;243,262,-163;237,261,-162;235,261,-162;234,261,-162;244,261,-113;231,261,-108;241,255,-146;236,255,-144;259,247,-57;220,244,-97;283,244,-54;215,217,-175;307,248,-102;225,235,-285;316,249,-113;228,240,-312;315,250,-125;230,244,-308;312,249,-107;230,244,-287;252,183,6;227,183,-6;273,148,-38;215,143,15;283,117,82;209,119,169;280,112,92;211,116,182;289,101,38;205,104,136
238,258,-147;240,262,-142;241,262,-142;243,262,-142;236,262,-143;235,262,-143;234,262,-143;244,262,-89;231,262,-93;240,255,-125;236,255,-126;258,247,-41;220,245,-70;281,240,-59;214,217,-143;297,244,-141;225,235,-256;305,245,-157;227,239,-282;304,245,-166;228,243,-280;300,244,-147;229,242,-258;251,184,5;226,183,-5;272,148,-30;215,143,20;283,117,76;209,119,161;281,112,85;211,116,173;290,101,28;205,103,125
237,259,-130;239,263,-123;240,263,-123;241,264,-123;235,263,-124;234,263,-124;232,263,-124;243,263,-71;230,263,-72;239,255,-108;234,256,-109;256,247,-30;217,245,-49;275,236,-75;214,217,-116;283,242,-173;224,236,-222;286,245,-193;222,241,-247;284,246,-195;223,245,-244;282,244,-177;224,243,-224;251,184,3;226,184,-3;271,149,-29;215,144,19;282,118,77;209,119,161;280,113,86;211,116,174;289,102,30;205,104,129
234,263,-117;236,267,-110;238,267,-110;239,267,-110;232,267,-110;230,267,-110;229,267,-110;241,266,-58;227,265,-59;237,259,-96;232,259,-97;252,248,-22;215,247,-37;268,237,-80;212,221,-105;270,253,-178;219,237,-206;271,254,-197;218,241,-228;269,263,-196;220,244,-225;266,259,-180;221,242,-207;249,186,2;224,184,-2;269,152,-20;215,148,4;281,118,70;209,120,126;279,113,76;211,116,136;289,102,20;205,104,92
232,265,-119;234,269,-113;236,269,-113;237,269,-113;230,269,-114;228,269,-114;227,269,-114;239,268,-60;225,268,-63;235,260,-98;230,261,-99;247,249,-26;212,249,-36;256,231,-85;209,223,-103;256,246,-185;214,241,-204;257,251,-204;215,246,-226;256,257,-204;216,248,-224;254,253,-187;217,246,-206;245,188,2;221,186,-2;265,154,-22;214,149,4;279,119,54;209,120,128;277,113,59;211,116,138;288,102,1;205,104,90
230,267,-122;233,271,-115;234,271,-115;235,271,-115;228,271,-117;227,271,-117;226,271,-117;237,270,-62;223,271,-67;233,263,-101;228,264,-103;244,251,-28;208,251,-44;255,232,-83;204,225,-115;259,238,-186;213,245,-217;262,239,-208;216,249,-241;260,242,-211;216,253,-238;258,241,-191;217,251,-219;242,190,2;219,187,-2;262,155,-38;212,150,4;274,119,38;209,120,123;272,113,43;211,116,133;285,102,-14;205,104,85
230,268,-126;232,271,-118;233,271,-118;234,271,-118;228,272,-121;226,272,-121;225,272,-121;235,270,-63;221,272,-73;232,264,-104;226,265,-107;242,252,-27;204,252,-50;254,232,-80;203,225,-121;259,237,-169;214,247,-221;261,238,-189;220,252,-245;259,241,-192;217,255,-241;257,240,-173;217,253,-222;240,191,2;217,189,-2;259,156,-38;210,150,15;269,119,44;208,120,131;266,114,50;211,116,140;278,103,-6;205,104,92
228,269,-108;230,272,-100;231,272,-100;233,272,-100;226,273,-103;224,273,-103;223,274,-103;233,271,-47;219,273,-60;230,265,-87;224,266,-91;240,252,-13;202,252,-40;250,229,-61;201,225,-106;252,238,-158;214,249,-196;253,242,-177;219,254,-216;252,244,-173;214,258,-212;250,243,-159;215,256,-196;238,193,3;215,191,-3;256,156,-36;210,150,10;263,120,52;208,120,122;260,115,58;211,116,131;272,103,3;205,104,86
228,269,-109;230,272,-103;231,272,-103;232,272,-103;226,273,-107;225,274,-107;223,274,-107;232,271,-52;219,274,-67;229,265,-89;224,266,-95;239,254,-15;200,253,-43;251,229,-55;199,225,-115;252,244,-140;215,250,-193;252,251,-156;219,256,-212;252,253,-154;216,260,-207;250,251,-142;215,258,-193;237,194,6;213,192,-6;253,156,-11;209,151,5;258,120,77;208,120,111;254,116,84;211,116,120;266,104,37;205,104,76
228,269,-117;230,272,-111;230,272,-111;231,272,-111;227,273,-114;225,273,-114;224,273,-114;231,271,-58;219,274,-86;229,265,-96;225,266,-101;239,254,-15;199,255,-61;248,226,-42;199,226,-117;252,244,-129;215,250,-203;253,251,-144;219,256,-222;254,254,-144;216,260,-218;252,252,-132;215,259,-203;235,195,8;212,193,-8;250,156,-4;208,151,9;254,120,81;208,120,121;250,116,88;211,116,130;263,104,37;205,104,83
227,268,-118;229,272,-111;230,272,-111;230,272,-111;226,272,-120;224,273,-120;223,273,-120;230,271,-61;218,274,-92;228,265,-99;224,266,-107;238,255,-16;199,256,-66;247,226,-41;198,226,-118;251,244,-128;215,250,-207;253,251,-143;219,256,-226;254,255,-145;215,260,-223;252,252,-132;214,258,-207;233,196,9;210,194,-9;248,157,1;207,152,9;252,120,76;208,120,111;249,115,85;212,116,119;262,104,31;205,104,70
226,269,-122;228,272,-113;228,272,-113;229,272,-113;224,272,-124;223,273,-124;221,274,-124;229,271,-61;216,274,-90;227,265,-99;223,266,-110;236,254,-13;198,256,-65;247,225,-38;197,226,-120;251,244,-126;215,250,-210;252,250,-141;219,256,-229;254,254,-143;215,261,-226;251,252,-129;214,259,-210;231,196,11;208,194,-11;245,157,1;206,152,9;251,119,71;208,120,117;248,114,76;211,116,125;262,104,23;205,104,76
224,269,-123;226,272,-115;227,272,-115;228,272,-115;222,273,-123;221,273,-123;219,274,-123;228,271,-62;215,274,-88;226,265,-100;221,266,-110;235,254,-14;198,257,-64;246,226,-41;196,226,-119;247,246,-126;215,250,-198;248,253,-141;219,256,-217;249,256,-142;215,260,-213;247,254,-129;215,258,-198;229,195,11;207,194,-11;244,157,0;205,152,19;251,119,59;208,120,120;248,113,61;211,116,128;262,104,6;205,104,79
223,269,-127;225,272,-120;226,272,-120;227,272,-120;221,273,-126;219,273,-126;218,274,-126;228,271,-65;214,274,-89;225,265,-104;220,266,-112;235,254,-16;198,257,-64;245,225,-46;195,226,-120;246,246,-131;213,249,-202;247,252,-146;218,255,-221;247,256,-148;215,259,-218;245,253,-134;214,258,-203;228,195,10;206,194,-10;242,156,0;203,151,17;251,119,58;208,120,119;248,113,60;211,116,127;262,104,5;205,104,78
222,269,-119;225,272,-113;226,272,-113;227,272,-113;221,273,-118;219,273,-118;218,274,-118;227,271,-62;213,274,-87;224,265,-98;220,266,-105;235,254,-17;197,256,-63;247,226,-47;195,226,-119;248,249,-127;212,249,-199;248,256,-141;217,255,-218;248,259,-140;215,259,-214;246,256,-129;214,257,-199;228,195,10;205,194,-10;242,156,0;203,151,17;252,119,60;207,120,109;249,113,61;211,116,117;262,104,13;205,104,70
222,269,-111;224,272,-105;225,272,-105;226,272,-105;221,273,-110;219,273,-110;218,274,-110;226,272,-55;213,274,-81;224,265,-90;220,266,-98;234,254,-13;197,256,-61;246,226,-38;194,226,-119;249,249,-110;211,249,-198;251,256,-122;216,255,-217;251,259,-123;214,259,-212;249,257,-112;213,257,-198;227,195,10;204,194,-10;241,156,1;202,151,9;252,119,62;207,120,100;248,112,65;211,116,108;262,104,15;205,103,64
