284,295,-41;283,300,-34;283,300,-34;283,301,-34;282,300,-52;281,301,-52;280,301,-52;276,302,3;271,303,-78;280,292,-26;278,292,-50;274,286,41;244,280,-102;287,267,39;273,254,-100;296,283,-31;297,276,-40;302,287,-42;303,281,-43;299,286,-43;300,284,-43;295,285,-35;297,281,-37;272,221,38;249,219,-38;296,196,25;240,180,-20;296,156,96;216,140,29;289,147,102;208,133,33;319,144,75;230,125,-8
284,295,-52;284,300,-45;284,300,-45;283,301,-45;283,300,-63;282,301,-63;280,302,-64;276,302,-4;271,304,-89;281,293,-36;279,293,-61;274,286,35;244,280,-113;286,265,17;273,255,-119;298,281,-76;297,276,-70;303,286,-89;303,281,-77;301,286,-91;300,284,-73;298,285,-81;297,281,-66;272,222,38;248,219,-38;296,196,3;240,180,0;296,156,52;216,140,72;289,147,56;209,133,78;318,144,24;230,125,36
287,296,-54;286,300,-46;285,301,-46;285,301,-46;284,301,-65;283,301,-65;282,302,-65;278,303,-6;273,304,-90;283,293,-37;281,293,-62;276,286,35;245,281,-115;285,263,25;273,255,-125;300,279,-57;297,276,-78;306,284,-68;304,280,-86;304,286,-71;302,283,-82;301,284,-62;299,281,-74;272,222,39;249,219,-39;296,196,12;240,179,-4;295,156,72;216,140,61;289,147,77;209,133,66;318,144,47;229,125,24
288,296,-57;287,301,-49;287,301,-49;286,301,-49;286,301,-66;285,302,-66;283,302,-66;279,303,-8;275,304,-88;285,293,-40;283,294,-63;278,285,35;247,282,-114;286,266,60;273,256,-133;300,279,31;300,276,-96;306,285,28;307,280,-104;305,285,22;307,282,-98;302,283,26;304,280,-91;272,222,38;249,219,-38;297,196,-18;239,178,-3;295,156,32;216,140,67;289,147,36;209,133,72;318,144,1;229,124,29
289,297,-62;288,301,-54;287,301,-54;287,302,-54;286,302,-72;285,302,-72;284,303,-72;280,303,-10;275,304,-93;285,293,-44;284,294,-68;278,285,33;248,282,-119;287,267,30;274,257,-133;303,279,-50;301,276,-84;308,285,-62;308,280,-91;306,285,-66;307,282,-88;303,283,-56;304,280,-80;272,222,39;249,219,-39;297,195,25;239,178,-17;295,156,91;216,140,31;289,147,96;209,133,34;318,144,68;229,124,-9
289,297,-81;288,301,-72;288,301,-72;287,302,-72;286,302,-90;285,302,-90;283,303,-90;280,303,-23;275,304,-103;285,294,-61;283,294,-85;279,285,25;248,282,-127;289,270,19;275,257,-145;303,281,-60;301,277,-100;309,285,-71;309,280,-108;306,285,-75;308,282,-105;302,284,-65;304,280,-96;272,222,39;249,219,-39;297,195,18;239,178,-27;295,156,91;216,140,19;288,146,96;209,133,21;318,144,66;228,123,-24
290,297,-112;289,301,-102;289,301,-102;288,302,-102;287,302,-117;285,302,-117;284,303,-117;282,303,-46;276,304,-115;287,294,-90;285,294,-110;281,284,2;250,282,-134;303,277,-27;278,257,-164;306,283,-118;306,277,-127;310,285,-134;313,280,-137;306,285,-133;312,281,-133;304,284,-122;309,279,-123;274,222,37;249,219,-37;298,195,7;240,177,-44;295,156,86;215,140,-8;288,146,92;209,133,-7;319,144,62;228,123,-59
293,294,-116;292,299,-107;292,300,-107;291,300,-107;290,300,-123;289,300,-123;287,301,-123;285,301,-55;280,302,-129;290,292,-95;287,292,-116;285,283,-5;254,282,-144;302,271,-29;284,256,-173;319,281,-123;315,275,-150;325,283,-139;324,279,-164;322,285,-142;323,281,-158;319,284,-128;319,279,-146;278,221,35;253,218,-35;304,194,1;242,175,-13;296,156,95;215,140,64;289,148,104;209,134,69;319,144,77;228,123,24
299,292,-45;298,297,-37;298,297,-37;298,297,-37;297,297,-54;296,298,-54;294,299,-54;292,299,1;286,300,-77;296,289,-29;294,290,-52;288,281,44;262,278,-105;300,259,50;293,254,-114;316,275,2;317,275,-58;322,282,-2;323,279,-62;318,284,-3;319,281,-56;318,281,0;317,279,-53;286,218,36;262,215,-36;316,193,-14;244,174,-26;302,158,76;215,140,43;294,152,85;209,134,50;321,144,63;228,123,23
304,291,-35;303,295,-28;303,296,-28;303,296,-28;302,296,-45;301,297,-45;299,297,-45;297,298,10;292,299,-64;301,288,-20;299,289,-42;291,281,46;268,277,-91;305,261,37;292,253,-92;317,276,-29;316,274,-19;320,283,-37;321,279,-19;316,283,-37;318,280,-15;314,281,-32;315,278,-14;291,217,36;267,214,-36;321,193,-13;245,174,-29;307,159,74;216,140,28;300,153,82;209,134,32;325,143,61;227,124,0
311,291,-46;311,296,-38;311,296,-38;311,297,-38;310,297,-56;309,297,-56;308,298,-56;304,298,1;300,300,-76;309,289,-30;307,289,-53;299,282,40;274,278,-102;314,271,31;295,250,-105;321,278,-39;319,273,-31;324,283,-48;324,279,-33;320,283,-49;321,280,-29;319,281,-42;319,278,-26;293,217,36;269,214,-36;325,193,11;246,175,-30;314,160,112;216,140,26;307,154,120;209,134,30;334,144,95;228,124,-8
320,291,-113;320,296,-105;320,296,-105;320,297,-105;319,296,-121;318,296,-122;317,297,-122;314,298,-58;308,299,-132;318,288,-94;316,288,-115;313,286,0;279,278,-152;329,281,56;297,249,-181;338,280,67;325,275,-146;343,283,73;330,281,-156;342,283,64;327,283,-150;342,281,63;326,281,-141;300,218,36;275,215,-35;330,193,-4;248,178,-67;325,160,109;218,141,-17;320,153,119;211,134,-14;347,144,90;228,124,-65
330,291,-156;330,296,-150;329,296,-150;329,297,-150;329,296,-166;328,297,-166;327,297,-166;323,299,-101;319,299,-175;328,288,-136;326,288,-158;323,285,-53;289,279,-177;359,285,-51;306,260,-244;387,284,-99;329,275,-284;392,287,-108;333,281,-306;396,285,-121;332,284,-302;392,282,-107;333,280,-284;306,219,33;280,220,-33;333,193,-8;251,181,-104;338,159,106;219,142,-66;332,153,114;212,135,-66;360,145,63;229,124,-129
333,291,-160;332,296,-151;332,296,-152;332,297,-152;331,296,-170;330,297,-170;329,297,-170;324,299,-100;320,299,-185;330,288,-138;329,288,-163;324,286,-46;289,281,-196;353,286,-24;315,268,-256;385,285,-66;334,280,-269;394,288,-74;341,282,-292;393,286,-87;338,284,-288;389,284,-74;344,284,-268;307,221,38;280,221,-38;332,193,96;251,182,-110;340,159,238;220,143,-66;333,152,251;213,136,-65;361,145,216;229,124,-135
341,290,-179;340,295,-171;340,295,-171;340,296,-171;339,295,-188;337,296,-188;336,296,-188;333,298,-116;328,298,-194;339,287,-156;337,287,-178;333,285,-63;295,282,-199;368,289,-56;315,267,-274;403,294,-102;338,279,-318;414,296,-113;342,282,-344;416,296,-128;341,285,-340;412,295,-111;343,283,-318;311,222,38;283,223,-38;334,195,110;254,183,-101;348,159,239;222,143,-57;341,152,249;215,137,-56;371,145,215;229,124,-127
348,289,-186;347,294,-178;347,294,-178;347,295,-178;345,294,-195;344,295,-195;343,295,-195;341,296,-121;335,297,-199;345,287,-162;343,287,-185;341,285,-66;305,282,-207;379,289,-62;323,268,-299;415,296,-109;347,279,-359;425,296,-121;350,282,-388;426,297,-136;353,283,-383;422,296,-118;351,282,-360;314,222,41;288,223,-41;339,195,142;259,183,-101;353,159,282;224,145,-61;347,151,294;218,140,-60;376,145,262;228,124,-134
358,287,-150;358,291,-142;358,292,-142;358,292,-142;357,292,-160;355,292,-160;354,293,-160;353,292,-94;347,294,-175;355,284,-130;353,284,-153;348,280,-45;321,277,-191;382,285,-31;342,267,-270;414,289,-70;364,279,-310;422,294,-76;369,281,-334;423,294,-98;366,283,-328;420,291,-81;364,282,-309;323,220,39;300,220,-40;355,195,-34;270,184,-38;354,158,49;234,153,30;347,151,55;226,150,33;375,145,15;235,130,-26
367,284,-83;366,289,-74;366,289,-74;366,289,-74;365,289,-95;364,289,-95;364,290,-95;360,291,-31;357,292,-123;363,281,-65;363,281,-92;354,275,16;324,278,-152;379,273,66;350,265,-200;408,271,50;383,268,-183;417,272,50;389,272,-199;417,272,35;391,272,-192;413,270,42;388,272,-180;327,219,43;305,219,-43;361,195,-5;276,185,-35;356,158,62;242,156,21;347,151,68;235,152,24;377,145,34;245,134,-30
366,282,-39;365,287,-34;365,287,-34;364,288,-34;365,287,-53;365,287,-53;364,287,-53;359,290,-6;358,290,-93;361,280,-27;362,280,-52;345,276,40;333,276,-125;373,273,91;362,263,-134;405,268,76;386,268,-68;414,268,79;391,270,-75;413,268,65;391,273,-70;409,267,68;388,273,-64;321,219,45;311,219,-45;361,197,14;276,185,-5;356,157,43;243,157,62;347,150,44;235,153,66;378,144,16;246,134,26
371,281,-65;371,286,-56;371,286,-56;371,286,-56;370,286,-75;369,286,-75;367,287,-75;364,289,-11;360,290,-95;368,279,-47;366,279,-71;356,275,36;327,275,-123;374,268,97;349,253,-153;393,270,104;377,270,-118;402,269,107;385,272,-129;401,269,97;383,274,-124;398,269,98;380,273,-115;330,219,41;308,219,-41;365,197,-49;280,185,-20;356,157,-8;249,156,52;347,150,-5;242,153,57;378,144,-39;256,135,10
375,280,-70;375,285,-62;375,286,-62;375,286,-62;374,285,-81;372,286,-81;371,286,-81;368,289,-24;364,289,-106;372,277,-53;370,277,-77;360,275,27;331,275,-129;370,266,99;349,248,-144;389,272,118;377,270,-104;397,272,124;383,273,-112;393,273,115;380,274,-109;395,272,113;377,273,-101;334,219,40;311,219,-40;368,196,-49;285,185,-17;356,157,6;258,155,66;347,150,10;251,152,72;377,143,-20;265,135,26
378,280,-56;379,285,-49;379,285,-49;379,285,-49;378,285,-65;377,286,-65;376,287,-65;374,287,-13;370,289,-87;375,278,-41;373,278,-63;362,273,38;340,275,-111;367,257,116;354,249,-120;388,269,157;380,270,-79;393,270,168;386,273,-84;389,271,161;384,274,-82;387,271,155;380,273,-76;338,219,39;316,219,-39;370,196,-43;294,185,-27;355,157,-12;267,152,20;346,150,-10;261,149,21;378,143,-38;275,133,-19
380,281,-56;381,285,-50;381,285,-50;381,286,-50;379,286,-66;378,286,-66;377,287,-66;375,288,-15;370,289,-90;377,278,-42;375,278,-64;363,274,34;340,275,-112;370,261,111;354,249,-119;387,269,149;380,270,-75;393,270,159;386,273,-80;389,271,151;384,274,-78;389,270,146;380,273,-73;339,219,39;318,219,-38;370,196,-33;295,185,-41;356,157,0;268,151,-11;347,150,3;262,149,-10;379,143,-22;274,133,-55
382,281,-56;383,285,-50;382,285,-50;382,286,-50;381,286,-67;380,286,-67;379,287,-67;376,288,-17;373,289,-94;379,278,-42;377,279,-65;364,275,32;340,275,-115;370,262,111;357,250,-118;387,269,147;383,270,-69;393,270,156;389,272,-73;390,271,147;388,273,-72;389,270,143;383,272,-66;341,220,39;319,220,-38;371,196,-25;298,184,-41;357,157,15;270,151,-4;347,150,17;264,149,-3;378,142,-8;275,132,-48
384,281,-46;384,285,-40;384,286,-40;384,286,-40;382,286,-58;382,286,-58;380,287,-58;377,289,-9;374,290,-88;380,279,-33;378,279,-56;365,275,41;340,275,-112;371,260,110;358,250,-112;388,269,137;384,270,-58;393,270,144;390,273,-61;390,271,137;387,273,-60;389,271,134;384,272,-56;342,220,39;319,220,-39;371,196,-17;298,184,-35;356,157,25;269,151,-2;347,150,28;263,148,-1;379,142,2;274,131,-47
384,281,-39;384,286,-33;384,286,-33;384,286,-33;383,286,-51;382,286,-51;381,287,-51;378,289,-4;374,290,-83;381,279,-26;379,279,-49;364,276,42;340,276,-107;370,262,121;356,250,-111;388,269,159;384,270,-59;393,270,168;390,273,-62;391,271,160;388,274,-60;389,271,155;384,273,-56;342,220,39;320,220,-39;371,196,-11;299,184,-41;356,157,31;269,151,-15;347,150,35;262,148,-15;379,142,6;274,130,-61
384,281,-36;384,286,-29;384,286,-29;384,286,-29;383,286,-46;382,286,-46;381,287,-46;378,289,4;374,290,-73;381,279,-22;379,279,-45;367,275,51;341,278,-99;370,262,117;354,254,-105;388,270,143;382,270,-46;393,271,150;388,273,-48;390,272,144;386,273,-47;387,271,140;382,273,-43;343,220,39;321,220,-39;371,195,1;298,184,-45;356,156,43;267,151,-29;347,150,46;260,148,-30;378,142,23;273,130,-76
384,282,-26;384,286,-21;384,286,-21;383,286,-21;383,286,-39;382,287,-39;381,287,-39;377,289,6;374,290,-74;380,279,-14;379,279,-38;365,275,52;341,278,-100;370,261,125;356,252,-99;388,270,155;382,270,-41;393,271,163;388,273,-43;390,272,156;386,273,-42;386,272,152;382,273,-38;342,220,39;320,220,-39;370,195,9;297,184,-43;355,156,49;266,151,-26;346,150,52;260,148,-27;377,141,28;273,129,-73
383,282,-27;383,286,-22;383,286,-22;382,287,-22;382,286,-39;381,287,-40;380,287,-40;376,289,5;373,290,-75;379,279,-15;378,279,-39;364,275,52;341,278,-101;368,261,130;356,251,-100;387,270,167;382,269,-42;392,272,176;389,272,-44;390,272,168;387,273,-43;386,272,163;383,273,-39;341,220,39;319,220,-39;369,195,-1;297,184,-35;355,156,25;266,151,-16;346,150,26;260,148,-15;377,141,0;272,129,-63
381,281,-27;382,286,-21;382,286,-22;382,286,-22;381,286,-40;380,287,-40;380,287,-40;375,289,4;372,290,-78;377,279,-15;376,279,-39;363,275,51;341,278,-104;367,260,127;359,250,-99;386,271,161;382,269,-32;391,272,169;388,272,-34;388,272,162;385,273,-33;384,272,157;382,273,-30;340,220,39;318,220,-39;369,195,2;297,184,-27;355,156,31;265,151,-5;346,150,33;259,148,-5;376,141,7;271,129,-51
