477,264,-31;478,268,-41;479,269,-41;480,270,-41;477,268,-24;477,268,-24;477,268,-24;487,271,-57;483,269,17;482,261,-35;480,260,-13;503,256,-81;501,255,70;497,229,-144;503,228,123;475,240,-164;500,225,126;469,243,-182;501,224,132;469,247,-171;501,227,122;473,246,-159;500,227,123;511,195,-50;517,194,50;487,162,-96;524,157,148;474,114,-119;549,119,228;477,103,-121;557,112,236;444,104,-156;533,111,227
478,264,3;478,268,-7;479,268,-7;480,269,-7;478,268,7;478,268,7;478,268,7;487,270,-36;484,269,34;482,261,-4;481,260,15;503,256,-71;507,254,77;495,226,-128;509,222,126;472,241,-144;504,211,147;464,244,-159;503,212,156;466,249,-148;503,210,148;469,247,-140;502,211,144;509,194,-49;517,194,49;485,162,-44;523,158,104;473,113,-29;548,119,148;477,103,-27;553,112,153;444,104,-49;531,111,144
478,263,5;478,268,-4;479,268,-4;480,268,-4;478,267,11;478,267,11;478,267,11;486,270,-28;484,269,40;483,261,0;482,260,19;503,255,-60;508,254,83;493,225,-122;513,220,123;470,241,-146;513,206,140;462,245,-163;514,202,151;464,250,-151;512,204,145;468,248,-142;511,205,137;509,194,-49;517,194,49;484,161,-58;523,158,105;473,113,-55;547,119,155;477,102,-55;552,112,159;445,103,-82;530,111,150
478,263,2;478,268,-7;479,268,-7;479,268,-7;478,267,8;478,267,8;478,267,8;486,270,-31;485,269,37;483,261,-3;482,260,16;503,254,-62;508,254,80;494,224,-119;513,221,113;470,241,-137;512,207,116;462,245,-153;514,204,122;464,250,-142;512,205,114;467,248,-133;510,207,112;508,194,-48;517,194,48;484,160,-54;523,158,103;473,113,-48;547,119,155;477,102,-48;552,112,159;445,103,-74;530,111,150
478,263,-2;478,268,-12;479,268,-12;479,268,-12;478,267,3;478,267,3;478,267,3;486,270,-36;485,269,33;483,261,-8;482,260,11;503,254,-67;507,254,79;494,224,-122;512,220,115;470,241,-138;511,208,120;462,245,-153;512,205,127;463,250,-143;509,207,118;466,249,-134;509,208,116;508,194,-48;517,194,48;484,159,-55;523,158,106;472,112,-47;546,119,156;477,102,-46;552,112,161;445,103,-74;530,111,151
478,263,-5;478,268,-15;479,268,-15;479,268,-15;478,267,0;478,267,0;478,267,0;486,270,-38;485,269,32;482,261,-11;482,260,8;503,254,-67;508,254,74;494,223,-125;513,220,104;470,241,-142;511,205,96;462,245,-158;512,201,101;463,250,-147;509,203,91;467,249,-138;508,204,92;508,194,-47;517,194,47;483,158,-32;524,158,93;472,112,-5;547,119,136;477,102,-3;553,112,140;445,103,-26;530,111,128
478,263,-1;478,268,-11;479,268,-11;480,268,-11;478,267,4;478,267,4;478,267,4;486,270,-35;485,269,33;482,261,-7;482,260,12;503,254,-66;508,254,75;494,224,-122;513,220,107;470,241,-141;511,203,102;461,245,-157;512,198,107;462,250,-146;509,200,97;466,248,-136;508,202,98;508,194,-47;517,194,47;483,157,-35;524,158,88;472,112,-12;547,119,128;477,102,-10;553,112,131;446,103,-33;530,111,120
478,263,0;479,268,-10;479,268,-10;480,268,-10;478,267,4;478,267,4;479,267,4;487,270,-35;485,269,32;483,261,-7;482,260,12;503,254,-67;508,254,75;494,224,-120;513,219,102;469,241,-135;511,201,90;460,245,-150;511,196,94;461,250,-140;509,198,84;465,248,-130;508,200,86;508,194,-47;517,194,47;483,157,-34;524,158,89;472,111,-10;547,120,130;477,102,-8;553,111,133;446,103,-30;530,111,123
478,263,-3;479,268,-13;479,268,-13;480,268,-13;478,267,2;479,267,2;479,267,2;487,270,-39;486,269,28;483,261,-8;482,260,11;503,254,-73;508,254,72;494,224,-121;512,219,101;469,241,-128;507,202,92;460,245,-143;507,198,96;460,250,-134;504,200,87;464,248,-124;504,201,88;508,194,-46;517,194,46;483,157,-33;524,158,92;472,111,-9;547,120,136;477,102,-7;553,111,139;446,103,-28;530,111,129
478,263,-1;479,268,-12;479,268,-12;480,268,-12;478,267,3;479,267,3;479,267,3;487,270,-39;486,269,29;483,261,-8;482,260,11;503,254,-73;508,254,73;493,224,-121;509,223,128;467,241,-136;500,213,156;457,244,-149;500,211,165;457,248,-144;498,213,157;461,246,-133;498,214,153;507,194,-47;517,194,46;479,157,-41;524,158,81;472,111,-22;547,120,108;477,101,-21;553,111,111;446,103,-39;530,111,100
478,263,2;479,268,-7;479,268,-7;480,268,-7;478,267,7;478,267,7;479,267,7;487,270,-36;486,269,32;482,261,-5;482,260,14;502,254,-71;509,254,75;493,224,-120;507,223,127;467,241,-130;498,213,147;457,243,-144;498,210,154;457,248,-136;496,213,146;461,245,-126;496,214,144;507,194,-46;517,194,46;478,157,-42;523,158,76;472,111,-22;547,120,101;478,101,-20;553,111,103;446,103,-36;530,111,94
478,263,0;478,268,-10;479,268,-10;480,268,-10;478,267,5;478,267,5;479,267,5;486,270,-39;486,269,31;482,261,-7;482,260,12;502,253,-73;509,254,75;493,224,-119;504,223,128;466,241,-124;495,216,150;457,242,-138;494,214,158;457,247,-131;493,217,151;461,245,-121;492,217,147;506,193,-47;517,194,47;477,157,-44;523,158,76;472,111,-26;547,120,102;478,101,-24;553,112,104;446,103,-41;531,111,94
478,263,0;478,268,-11;479,268,-11;479,268,-11;478,267,4;478,267,4;478,268,4;486,270,-41;485,269,29;482,261,-8;481,260,12;502,253,-74;508,254,75;493,224,-124;503,225,134;467,241,-137;495,224,167;458,242,-151;494,224,176;458,247,-145;493,226,170;462,245,-134;492,226,165;506,193,-47;517,194,47;477,157,-45;523,158,76;472,111,-27;547,120,102;478,101,-26;553,112,104;446,103,-47;531,112,93
478,264,-7;478,268,-18;479,268,-18;479,268,-18;478,268,-2;478,268,-2;478,268,-2;486,270,-47;485,270,24;482,261,-15;481,260,5;503,253,-78;507,254,75;493,224,-128;497,232,146;467,241,-143;485,243,192;458,243,-157;485,247,204;458,248,-152;483,249,199;462,245,-140;483,247,191;506,193,-47;517,194,47;477,157,-52;523,158,72;472,111,-39;547,120,94;478,101,-38;553,112,96;446,103,-54;532,112,85
478,264,-9;478,268,-20;479,268,-21;479,269,-21;478,268,-4;478,268,-4;478,268,-4;486,270,-49;485,270,23;482,261,-17;481,260,3;503,253,-79;506,254,74;493,224,-128;495,233,146;467,241,-142;483,244,190;458,243,-156;481,249,202;458,248,-150;480,250,197;462,247,-139;480,249,189;506,193,-48;517,194,48;477,157,-55;523,158,71;472,111,-42;547,120,94;478,101,-41;553,112,95;446,103,-57;532,112,84
478,264,-11;478,268,-22;479,268,-22;479,269,-22;478,268,-6;478,268,-6;478,268,-6;486,270,-50;485,270,22;482,261,-19;481,260,1;503,253,-80;506,254,74;493,224,-128;494,234,147;467,241,-141;481,245,191;458,243,-154;480,250,202;458,249,-149;478,252,197;463,247,-139;478,250,189;506,193,-48;517,194,48;477,157,-56;523,158,71;472,111,-43;547,120,95;478,101,-42;553,112,96;446,102,-59;532,112,85
477,264,-11;478,268,-22;478,268,-22;479,268,-22;477,267,-5;477,268,-5;478,268,-5;486,270,-49;485,270,22;482,261,-18;481,260,2;503,253,-79;505,253,77;493,224,-124;493,232,143;467,239,-131;474,240,177;458,241,-144;471,245,187;458,246,-139;469,246,180;462,245,-128;470,245,174;506,193,-48;516,194,48;475,160,-55;523,158,65;471,111,-40;547,120,81;478,102,-38;553,112,82;446,102,-50;532,112,70
477,263,-10;477,267,-21;478,268,-21;479,268,-21;477,267,-5;477,267,-5;478,268,-5;486,270,-48;485,270,22;481,261,-17;481,260,2;503,253,-78;505,253,77;493,224,-122;492,232,143;466,238,-127;474,240,176;458,240,-140;470,245,186;458,245,-135;469,247,179;462,244,-124;469,245,174;506,193,-48;516,194,48;474,160,-55;522,158,62;471,112,-39;547,120,78;478,102,-38;554,112,78;446,102,-50;532,112,67
475,263,-19;475,267,-30;476,268,-30;477,268,-30;475,267,-14;476,267,-14;476,268,-14;484,270,-54;484,270,15;479,261,-26;479,260,-6;501,253,-82;499,253,67;494,223,-133;488,234,126;466,236,-152;468,247,146;458,238,-167;463,252,152;458,243,-161;462,254,145;462,242,-149;463,251,143;502,193,-48;508,194,48;468,161,-55;522,158,49;468,114,-39;547,120,57;475,105,-38;553,113,57;446,103,-51;533,113,43
474,263,-15;475,267,-26;476,268,-26;476,268,-26;475,267,-10;475,267,-10;476,268,-10;484,270,-52;483,270,16;478,261,-22;478,260,-2;500,252,-82;498,253,67;493,223,-132;489,233,127;466,235,-147;472,243,153;457,237,-161;469,248,162;457,242,-155;467,250,158;462,241,-144;468,248,152;502,193,-47;509,195,47;467,161,-42;523,158,52;468,115,-24;547,120,52;475,107,-22;552,113,51;446,104,-31;534,113,39
474,264,-16;475,268,-26;476,268,-26;476,268,-27;475,267,-11;475,268,-11;476,268,-11;484,270,-53;483,270,15;478,261,-23;478,260,-3;500,252,-83;495,253,66;493,223,-136;487,237,129;466,235,-157;469,248,164;457,237,-172;465,253,173;457,241,-167;463,254,167;461,240,-155;464,252,162;501,193,-47;508,195,47;466,161,-45;524,157,52;468,115,-28;547,120,54;475,107,-26;551,113,54;446,104,-36;534,113,43
464,264,35;464,269,21;465,269,21;465,269,21;465,269,34;465,269,34;466,269,34;471,270,-24;473,270,33;466,261,20;467,261,37;476,252,-68;497,255,63;452,241,-58;503,230,117;428,241,25;488,208,161;417,240,24;483,202,172;423,247,26;482,202,165;427,247,29;484,204,159;493,193,-42;509,195,42;467,158,-9;524,158,75;464,113,17;547,120,79;470,104,22;551,113,81;443,103,16;534,113,79
460,264,112;461,269,99;461,269,99;462,269,99;462,269,109;462,269,109;463,269,109;468,269,50;470,270,97;463,261,96;464,261,110;468,252,-3;498,255,107;436,245,1;510,226,150;417,246,83;502,198,191;405,247,83;499,191,198;407,251,84;498,190,194;411,250,86;499,193,190;492,193,-42;509,197,41;468,157,-8;522,160,86;464,110,-7;547,121,72;471,102,-6;552,114,71;441,103,-15;534,113,67
457,263,149;458,267,136;458,267,136;458,268,136;458,267,147;459,268,147;460,268,147;464,268,84;467,269,133;460,260,131;461,260,145;464,251,31;499,255,133;434,243,44;511,225,190;410,245,135;505,201,247;401,246,137;503,196,255;403,250,137;502,196,252;408,249,137;503,198,246;491,193,-39;510,198,39;468,157,-24;519,161,71;464,110,-52;546,121,30;470,101,-55;552,114,26;441,103,-65;534,112,19
459,261,120;459,266,106;459,266,106;459,266,106;459,266,118;460,266,118;461,267,118;465,267,57;467,268,110;462,259,104;463,259,119;468,251,6;499,256,121;442,241,1;512,225,167;414,241,69;504,204,210;409,241,68;503,198,219;410,243,70;501,197,213;414,244,72;501,199,208;491,193,-37;510,197,37;466,155,-15;518,161,72;464,109,-19;546,122,53;470,101,-19;552,114,51;440,103,-26;534,112,43
460,261,75;460,265,63;460,266,63;461,266,63;460,265,76;461,266,76;462,266,76;467,267,22;468,268,81;463,258,62;464,258,79;472,251,-16;498,256,106;445,239,-38;510,236,177;417,236,12;489,226,254;408,232,8;485,223,271;406,235,14;483,224,264;409,235,16;484,225,253;490,193,-39;510,197,39;465,155,-23;517,161,50;463,109,-4;546,122,48;470,101,-1;552,114,48;441,103,-4;534,111,42
461,261,49;461,265,36;461,266,36;462,266,36;461,266,52;462,266,52;463,266,52;468,267,-4;469,268,66;465,258,36;465,258,57;474,251,-50;496,256,102;452,236,-112;501,239,192;426,234,-119;484,236,295;416,232,-131;482,236,318;416,235,-123;480,238,315;420,236,-115;480,238,296;492,194,-42;509,197,42;465,156,-40;517,160,56;463,109,-17;546,121,56;470,101,-13;552,114,56;440,103,-14;534,111,48
461,262,49;462,267,36;462,267,36;463,267,35;462,267,51;463,267,51;463,268,51;469,268,-7;470,269,60;466,259,36;466,259,55;476,251,-50;496,256,97;475,230,-97;491,238,179;442,233,-89;468,243,267;433,231,-98;463,245,288;431,236,-90;460,243,283;437,233,-85;461,242,267;492,194,-42;509,197,42;465,156,-38;516,159,56;463,110,-22;546,120,49;470,101,-19;552,113,49;441,103,-15;534,111,42
462,263,7;462,267,-4;462,267,-4;463,268,-4;462,267,11;463,268,11;464,268,11;470,269,-37;470,269,34;467,260,-1;466,260,18;486,253,-72;493,256,81;486,226,-136;485,237,159;459,232,-166;468,241,224;450,232,-181;466,245,243;450,236,-173;464,245,238;455,234,-163;464,243,223;493,194,-44;509,197,44;465,156,-45;517,159,55;463,110,-32;545,119,49;470,101,-31;551,112,48;440,103,-43;533,111,36
462,263,0;462,268,-12;463,268,-12;463,268,-12;463,268,3;463,268,3;464,268,3;470,269,-43;471,269,28;467,261,-9;467,261,10;489,254,-78;490,255,76;488,226,-147;480,239,150;461,232,-183;460,243,204;450,232,-198;456,247,219;451,236,-191;454,248,213;456,234,-180;455,246,202;493,194,-44;508,197,45;465,157,-48;517,159,52;463,110,-35;545,119,45;470,101,-34;551,112,43;440,103,-48;533,111,29
