266,283,-113;266,288,-103;266,288,-103;266,288,-103;263,288,-119;261,288,-119;260,289,-119;262,287,-43;253,287,-113;265,279,-90;261,279,-110;259,266,14;237,259,-133;272,245,-15;264,235,-130;284,266,-116;285,259,-55;290,269,-132;289,267,-58;285,271,-128;285,269,-61;281,269,-119;283,266,-53;256,198,40;235,194,-40;282,171,-42;227,151,3;288,129,16;203,113,114;283,120,22;198,110,123;310,115,-13;211,91,76
266,281,-105;266,286,-95;266,286,-95;266,287,-95;264,286,-111;262,287,-111;261,287,-111;262,286,-40;254,287,-109;265,277,-83;262,278,-104;259,266,15;237,259,-126;272,245,11;264,235,-130;286,266,-54;285,260,-77;291,270,-63;290,267,-83;286,271,-64;286,269,-82;282,269,-57;283,266,-74;257,199,38;235,195,-38;282,171,-17;227,150,-12;288,129,37;203,113,51;283,120,41;198,109,56;310,115,10;211,91,10
268,280,-72;267,285,-64;267,285,-64;267,286,-64;266,285,-81;264,285,-81;263,286,-81;262,286,-20;256,286,-99;265,276,-54;263,276,-77;258,266,31;237,259,-120;271,243,58;267,235,-122;289,263,16;287,260,-70;293,269,10;292,267,-77;289,271,6;288,269,-76;285,268,11;285,266,-68;258,200,38;237,195,-38;287,172,-14;227,150,-11;289,131,44;203,112,63;284,123,49;198,109,68;310,116,18;212,91,23
268,279,-90;267,284,-80;267,284,-80;267,285,-80;266,284,-95;264,285,-95;263,285,-95;262,285,-36;256,286,-116;265,275,-65;263,276,-80;258,266,16;237,259,-133;261,236,54;269,235,-142;271,218,30;288,261,-104;275,213,27;293,267,-116;274,215,14;289,269,-113;272,217,23;287,266,-102;260,200,37;239,195,-37;290,173,-23;227,150,-10;291,134,46;203,113,76;285,127,52;198,108,82;310,116,19;212,91,35
270,278,-71;269,283,-65;269,284,-65;269,284,-65;268,284,-83;266,284,-83;265,285,-83;262,285,-29;257,285,-114;267,275,-55;266,275,-79;258,266,16;238,259,-131;261,234,49;269,235,-137;264,212,12;289,261,-89;266,206,6;293,267,-100;265,208,-4;289,269,-97;264,211,5;287,266,-86;263,200,36;242,195,-36;293,174,-19;228,150,-11;293,136,56;203,113,71;287,130,63;198,108,77;310,116,29;212,92,29
272,278,-55;271,284,-46;271,284,-46;271,284,-46;270,284,-63;268,284,-63;267,285,-63;266,284,-3;259,285,-80;269,275,-37;267,275,-60;260,266,44;239,260,-104;268,236,66;269,234,-105;284,252,26;288,261,-45;288,260,21;292,267,-48;284,264,19;288,270,-47;282,261,22;286,267,-42;265,200,36;243,195,-36;294,174,-15;228,150,-24;297,137,51;203,113,34;292,131,57;198,108,39;314,118,26;212,92,-6
278,279,-42;277,284,-34;276,284,-34;276,284,-34;275,284,-52;274,284,-52;273,285,-52;270,284,6;265,285,-73;275,275,-25;273,275,-49;267,267,46;241,260,-99;278,245,52;269,233,-103;287,265,-5;288,260,-42;291,270,-13;293,267,-45;288,272,-14;289,270,-43;285,271,-9;287,267,-38;268,200,36;245,195,-36;296,175,-15;229,152,-31;303,137,57;203,113,23;298,130,64;198,108,27;324,120,34;212,92,-17
279,279,-66;278,284,-57;277,284,-57;277,284,-57;276,284,-74;275,284,-74;273,285,-74;271,284,-9;265,285,-85;276,275,-47;274,275,-69;267,267,39;242,260,-109;280,247,62;269,232,-111;288,267,27;288,260,-64;292,271,23;293,267,-68;289,273,22;289,270,-63;286,272,24;287,267,-60;268,200,36;245,195,-36;297,175,0;231,153,-27;304,138,80;203,113,31;299,131,86;198,108,35;324,121,58;212,92,-9
285,279,-91;284,284,-82;284,284,-82;284,285,-82;282,284,-97;281,284,-97;279,285,-97;279,285,-29;271,286,-94;283,275,-69;281,276,-89;279,271,15;248,263,-112;299,269,-33;270,240,-137;298,269,-143;290,262,-98;295,270,-164;295,267,-109;291,272,-163;296,269,-108;291,270,-147;293,267,-96;275,201,34;250,198,-34;300,173,92;231,156,-52;314,138,208;204,114,-21;311,131,218;199,109,-20;336,124,191;211,94,-75
289,279,-130;288,284,-124;288,284,-124;288,285,-124;287,284,-138;286,285,-138;284,285,-138;284,286,-74;277,286,-141;287,276,-109;285,276,-129;286,274,-24;253,265,-155;315,274,-23;278,254,-222;342,274,-79;305,263,-244;349,273,-90;305,268,-266;349,274,-100;311,269,-262;346,273,-86;309,267,-244;279,201,34;254,200,-34;303,172,112;233,158,-76;319,138,240;206,116,-38;314,131,250;202,111,-37;339,124,217;210,95,-102
297,279,-156;297,283,-148;296,283,-148;296,284,-148;295,283,-162;294,283,-162;292,284,-162;291,284,-98;284,285,-160;295,275,-135;293,275,-153;297,273,-54;258,264,-166;332,275,-59;276,244,-239;369,282,-104;302,263,-286;380,282,-115;305,268,-309;380,283,-128;305,269,-303;377,282,-112;303,267,-285;285,201,29;260,200,-29;310,174,42;239,159,-89;321,138,136;211,118,-49;315,130,144;207,113,-48;341,123,113;212,96,-114
302,278,-134;301,282,-126;301,282,-126;301,283,-126;299,282,-140;298,283,-140;296,283,-140;295,284,-78;289,284,-140;299,274,-114;297,274,-132;301,272,-37;262,263,-152;333,271,-36;279,238,-218;369,276,-78;304,262,-256;379,278,-88;309,267,-276;380,280,-98;306,269,-271;377,278,-86;305,267,-255;289,201,27;263,199,-27;315,174,-26;243,161,-89;322,137,67;217,122,-44;316,130,74;214,118,-43;342,123,33;218,100,-105
305,277,-107;305,282,-97;305,282,-97;305,282,-97;303,282,-111;301,282,-111;300,283,-111;300,283,-51;293,283,-111;303,274,-89;300,274,-106;305,269,-33;267,262,-128;329,266,8;283,234,-195;356,272,-22;306,260,-232;364,270,-28;311,267,-253;364,271,-39;308,269,-247;361,271,-29;307,266,-231;294,201,27;267,199,-27;320,176,-44;247,163,-85;323,137,43;222,125,-39;317,130,50;220,121,-37;342,124,12;225,105,-95
308,276,-91;308,280,-81;308,280,-81;308,281,-81;307,280,-96;305,281,-96;304,281,-96;303,281,-35;296,282,-100;305,273,-72;304,273,-91;306,267,-5;269,261,-122;328,262,35;288,235,-187;346,264,18;313,259,-206;354,264,15;318,264,-225;354,266,4;316,266,-219;351,265,12;316,264,-204;296,200,27;269,199,-27;323,175,-53;250,165,-82;324,137,30;229,127,-24;317,130,36;227,123,-21;343,124,-2;233,108,-76
309,276,-74;309,280,-65;310,280,-65;310,280,-65;308,280,-79;306,280,-79;305,281,-79;305,280,-15;298,281,-78;307,273,-54;305,273,-73;306,265,17;272,260,-96;321,244,-32;290,234,-116;328,262,-154;317,258,-70;333,265,-175;323,264,-76;329,266,-172;321,266,-72;327,265,-158;317,264,-66;296,200,26;270,199,-26;325,175,-35;253,164,-34;323,137,37;234,127,41;316,130,43;232,123,47;342,124,11;239,108,4
312,275,-81;312,279,-72;312,279,-72;312,280,-72;310,279,-86;308,280,-86;307,280,-86;307,280,-24;300,281,-86;310,272,-61;307,272,-79;307,265,15;274,259,-100;314,243,3;293,230,-108;321,256,-129;317,258,-57;327,262,-134;322,264,-61;324,253,-127;319,266,-59;321,252,-139;316,264,-53;297,200,26;272,198,-26;327,175,-40;253,164,-16;323,137,36;236,125,69;317,130,43;234,121,76;342,123,12;240,106,33
312,275,-71;312,279,-62;312,279,-62;312,279,-62;310,279,-76;309,280,-76;307,280,-76;307,280,-14;300,280,-76;310,271,-51;307,271,-70;307,265,26;274,258,-93;314,247,34;292,229,-107;321,258,-16;317,258,-55;325,262,-23;322,263,-60;321,257,-24;318,265,-57;318,256,-19;316,263,-52;297,200,27;273,198,-27;327,175,-52;255,163,-11;323,137,21;237,124,74;317,130,28;235,120,81;342,123,-6;240,106,36
312,274,-78;312,279,-69;312,279,-69;312,279,-69;310,279,-84;309,279,-84;307,280,-84;308,280,-23;300,280,-87;310,271,-59;307,271,-78;306,265,21;275,257,-102;314,248,49;295,229,-112;320,256,25;318,257,-62;324,259,22;322,263,-68;321,259,17;319,265,-65;318,256,21;317,263,-59;297,200,27;273,198,-27;328,175,-45;256,163,-5;324,137,33;236,124,84;317,131,40;234,120,91;342,123,6;241,106,47
314,274,-61;313,278,-53;313,279,-53;313,279,-53;311,279,-69;310,279,-69;309,279,-69;308,279,-7;301,280,-81;311,271,-42;309,271,-64;305,265,28;275,257,-97;317,247,1;295,228,-96;321,256,-108;319,257,-28;326,262,-125;325,263,-30;322,263,-124;321,265,-29;319,261,-112;318,263,-24;297,200,30;273,198,-30;327,175,-27;258,162,6;323,137,41;236,125,92;316,131,47;233,121,99;342,123,14;241,105,57
314,274,-53;314,278,-46;314,279,-46;314,279,-46;312,278,-63;311,279,-63;309,279,-63;308,280,-3;302,280,-78;311,270,-36;309,270,-58;305,265,31;275,257,-94;316,248,0;295,228,-91;322,257,-105;319,257,-24;327,263,-122;326,263,-26;323,264,-121;322,265,-24;319,262,-109;319,263,-20;296,200,31;273,198,-31;327,176,-17;258,162,8;323,137,46;236,125,95;316,131,50;233,121,102;342,123,18;241,105,61
314,274,-66;313,279,-58;313,279,-58;313,279,-58;311,279,-73;310,279,-73;308,280,-73;308,280,-10;302,280,-83;311,271,-48;309,270,-67;305,265,24;276,257,-98;314,248,20;296,228,-105;322,259,-45;319,257,-38;328,263,-53;326,263,-41;323,265,-55;322,265,-39;319,263,-49;319,263,-35;296,200,32;273,198,-32;327,176,-19;258,162,0;322,138,43;236,125,85;316,131,49;231,122,92;341,123,19;241,106,50
313,276,-85;313,281,-76;313,281,-76;313,281,-76;310,281,-90;309,281,-90;307,282,-90;309,281,-25;301,281,-89;310,272,-65;308,272,-84;306,265,23;276,257,-103;313,248,39;295,228,-112;322,261,10;319,257,-62;328,264,7;325,263,-66;324,266,4;322,265,-63;320,264,7;319,263,-58;296,201,31;273,198,-31;326,176,-33;258,161,0;322,138,33;235,126,86;316,131,39;231,122,94;341,123,7;241,106,50
314,276,-62;314,281,-54;314,282,-54;314,282,-54;312,281,-70;311,282,-70;309,282,-70;309,282,-10;302,282,-80;312,273,-44;310,273,-65;307,265,30;278,258,-98;314,248,32;296,228,-96;322,263,-24;319,258,-29;328,266,-32;325,264,-31;324,267,-35;322,266,-30;320,265,-28;319,264,-26;296,201,32;273,198,-32;326,176,-18;258,161,7;322,138,34;235,126,94;316,131,43;231,122,101;341,123,11;241,106,59
316,276,-48;315,281,-41;315,282,-41;315,282,-41;314,281,-58;312,282,-58;311,282,-58;309,282,-1;304,282,-76;313,273,-32;312,273,-54;306,265,36;278,258,-96;313,248,32;297,229,-92;322,263,-31;319,259,-23;328,266,-38;325,264,-26;324,268,-42;322,266,-25;320,265,-35;319,264,-20;296,201,33;273,198,-33;326,177,-11;258,161,10;322,138,43;235,126,96;316,131,48;231,122,103;341,123,18;241,106,61
316,277,-59;315,282,-50;315,283,-50;315,283,-50;314,282,-67;312,283,-67;311,283,-67;310,283,-4;304,283,-76;314,274,-40;312,274,-61;307,265,35;279,259,-96;318,252,10;298,229,-96;322,264,-85;320,259,-28;328,269,-100;326,264,-30;323,269,-97;323,266,-30;320,267,-88;320,264,-25;296,202,34;273,199,-34;325,177,-10;258,162,4;322,138,48;235,127,85;316,131,53;231,123,92;341,123,23;240,106,48
318,277,-43;317,282,-37;316,283,-37;316,283,-37;315,282,-54;314,283,-54;313,283,-54;311,284,0;306,284,-76;315,274,-28;314,274,-51;307,266,41;280,260,-98;317,253,55;300,229,-92;322,265,8;321,259,-21;328,269,2;327,265,-23;323,270,0;323,266,-24;320,268,5;320,264,-18;296,202,36;274,200,-36;325,177,3;259,162,0;322,138,62;235,127,76;316,131,67;231,123,82;341,123,39;240,106,42
318,277,-54;317,282,-47;317,283,-47;317,283,-47;316,282,-63;315,283,-63;313,283,-63;311,284,-2;306,284,-78;316,274,-37;314,274,-58;307,267,35;281,261,-100;317,253,62;300,229,-98;324,265,35;322,259,-31;329,270,32;328,265,-34;324,271,28;324,266,-33;320,268,31;321,264,-28;297,203,35;274,201,-35;325,177,-4;259,162,0;322,138,58;235,127,72;315,131,63;231,123,77;341,123,34;240,106,38
320,277,-39;319,282,-32;319,283,-32;319,283,-32;318,282,-50;317,283,-50;316,283,-50;312,284,3;309,284,-76;317,274,-24;316,274,-47;307,267,43;282,261,-98;317,249,49;302,229,-89;325,264,-2;323,258,-16;330,269,-8;329,265,-18;324,271,-12;325,266,-17;321,268,-6;322,264,-12;297,203,36;275,202,-36;325,177,1;260,162,-1;322,138,64;235,127,72;315,131,69;231,123,78;341,123,39;240,106,38
321,277,-37;320,281,-31;320,282,-31;319,283,-31;320,281,-49;319,282,-49;318,282,-49;313,284,1;311,284,-77;317,274,-24;317,274,-47;307,267,46;283,262,-100;317,249,91;302,229,-94;325,265,82;324,258,-31;330,270,81;329,265,-36;327,271,78;325,266,-34;321,269,79;323,264,-28;297,204,38;275,202,-38;325,177,31;259,163,-10;321,138,107;235,127,50;315,131,114;230,123,54;341,123,86;240,107,10
322,276,-36;321,280,-30;320,281,-30;320,282,-30;320,280,-47;320,280,-47;319,281,-47;313,284,3;312,284,-76;318,274,-23;317,273,-46;307,267,48;283,262,-100;317,250,92;302,230,-95;325,265,80;324,258,-39;329,271,80;329,265,-45;328,271,77;326,266,-43;321,270,77;323,264,-37;297,204,39;274,202,-39;325,177,40;259,164,-17;321,138,118;232,128,36;315,131,125;227,124,39;341,123,98;240,107,-5
