293,258,10;292,261,1;293,262,1;293,262,1;292,261,12;292,262,12;293,262,12;299,264,-24;298,264,29;296,255,2;296,255,18;308,252,-52;312,252,63;281,234,-41;295,237,86;277,256,17;281,254,89;275,261,14;283,258,91;280,261,13;283,260,90;281,259,19;284,257,88;318,206,-37;325,206,37;287,175,-38;327,174,57;291,135,-27;347,149,81;294,128,-25;353,145,84;273,128,-25;340,143,80
293,258,20;293,261,10;293,262,10;293,262,10;293,261,22;293,262,22;293,262,22;298,264,-19;298,264,34;296,255,11;296,255,27;306,252,-51;319,252,71;281,234,-39;306,237,108;277,255,25;290,248,125;276,260,23;286,254,131;280,260,23;288,255,128;281,258,27;288,253,124;317,203,-39;327,203,39;286,174,-24;328,173,62;290,134,-5;349,148,82;294,128,-2;355,142,84;272,128,0;342,141,82
293,258,6;293,262,-4;293,262,-4;293,262,-4;293,262,8;293,262,8;294,263,8;298,264,-32;299,265,21;296,256,-2;297,256,13;306,251,-61;321,252,58;281,234,-50;307,237,92;278,253,15;292,246,114;277,258,14;287,253,122;282,259,15;289,254,122;283,257,18;289,252,112;316,202,-39;328,202,39;287,173,-19;331,173,65;290,134,1;348,147,84;295,127,4;355,141,86;272,128,8;343,140,86
293,258,7;292,262,-2;293,262,-2;293,263,-2;293,262,9;293,263,9;294,263,9;298,264,-32;299,265,23;296,256,-1;296,256,14;305,251,-63;322,253,60;282,233,-52;309,237,97;279,253,17;294,244,114;278,258,17;288,252,121;282,258,19;290,253,119;283,256,20;290,251,113;316,201,-40;329,202,40;288,173,-8;331,173,74;290,133,2;348,147,81;295,127,5;356,141,82;272,128,9;344,140,84
294,258,15;293,262,4;293,262,4;293,263,4;293,262,16;294,262,16;295,263,16;298,264,-31;300,265,23;297,256,5;297,256,20;305,251,-60;323,253,61;283,233,-49;310,237,104;279,252,17;292,246,125;278,256,18;288,252,133;282,257,19;290,253,131;283,255,20;290,251,124;316,201,-40;329,201,40;288,172,-4;331,174,75;290,133,-3;348,147,66;295,127,-1;356,142,66;272,128,3;344,140,68
295,258,19;294,262,7;294,262,7;294,262,7;295,262,19;296,262,19;296,263,19;299,264,-31;301,265,24;298,256,8;299,256,24;305,251,-59;323,253,60;284,233,-49;310,240,103;279,252,15;291,247,127;278,256,14;288,252,135;282,257,16;289,254,132;283,255,18;290,252,126;316,201,-39;330,201,39;288,172,-4;331,174,75;290,133,-1;348,147,68;295,126,0;356,141,68;272,128,5;347,139,69
296,258,17;295,262,7;295,262,7;295,262,7;295,262,18;296,262,18;297,263,18;300,264,-31;302,265,23;299,256,8;300,256,23;306,250,-61;324,253,59;285,233,-53;310,240,103;280,252,12;290,248,127;279,256,11;288,253,134;283,257,12;289,254,131;284,256,15;290,252,125;316,201,-39;330,201,39;288,172,-4;331,174,81;290,133,5;348,147,86;295,126,7;357,141,87;271,128,12;346,135,89
297,258,17;296,261,6;296,261,6;297,262,6;297,261,18;298,262,18;298,262,18;301,263,-30;303,265,24;300,256,7;301,256,23;307,250,-60;325,253,59;286,233,-52;311,240,106;281,252,12;292,248,132;279,256,12;289,253,140;283,257,13;290,254,137;284,256,15;291,252,131;316,200,-40;331,200,40;288,172,-2;331,174,79;290,133,7;348,147,83;294,126,9;357,141,83;270,128,14;345,134,88
298,258,17;297,261,6;297,261,6;297,262,6;297,261,18;298,262,18;299,262,18;301,263,-29;303,265,24;300,255,7;301,256,23;307,250,-60;326,253,60;287,233,-51;311,240,109;281,252,15;292,248,136;280,256,15;289,253,144;283,257,16;290,254,142;284,256,18;291,253,135;316,200,-40;331,200,40;288,172,0;330,174,88;290,133,3;348,148,86;294,126,5;357,141,86;270,128,9;345,134,89
298,258,17;297,261,6;297,261,6;298,261,6;298,261,18;298,261,18;299,262,18;302,263,-29;304,264,25;301,255,7;302,255,23;309,249,-60;327,253,62;288,233,-51;311,239,114;282,252,16;292,250,144;280,256,15;289,254,152;283,257,16;290,255,149;284,256,19;291,253,143;316,198,-41;331,198,41;288,172,-3;330,174,93;290,133,1;348,148,98;294,126,3;357,141,99;269,128,6;345,134,101
299,257,21;298,260,9;298,260,9;298,260,9;299,260,21;299,261,21;300,261,21;303,262,-29;305,263,26;302,255,9;303,255,25;310,249,-60;327,252,62;289,232,-51;312,237,114;283,252,13;293,246,144;280,256,11;290,254,152;283,258,13;290,255,149;285,256,16;292,253,143;316,198,-41;331,198,41;286,172,-1;331,173,88;290,133,18;348,148,104;294,126,22;356,141,106;269,128,27;345,134,107
300,257,40;299,260,28;299,260,28;299,260,28;300,260,41;300,260,41;301,261,41;303,262,-10;305,263,45;303,255,28;303,255,44;310,248,-50;328,251,78;289,232,-40;316,229,125;283,252,33;298,232,153;281,256,33;294,234,163;285,258,35;293,235,159;286,256,36;294,234,152;315,197,-42;331,197,42;283,172,-1;331,173,87;289,133,10;348,148,91;294,127,13;354,141,91;269,128,20;349,135,97
300,257,40;299,260,28;299,260,28;299,260,28;300,260,41;300,260,41;301,261,41;304,262,-11;306,263,44;303,255,28;304,255,44;310,248,-49;329,250,79;289,232,-40;314,232,129;283,252,31;296,236,159;282,256,31;293,240,169;285,257,33;293,243,167;286,256,34;294,240,158;315,197,-43;330,196,43;282,173,2;331,173,86;289,133,7;348,148,71;294,127,9;352,141,70;269,128,16;349,136,72
300,257,40;299,260,27;299,260,27;299,260,27;300,260,39;300,260,39;301,261,39;303,262,-13;306,263,39;302,255,28;303,255,43;310,248,-48;328,250,74;289,232,-41;315,237,137;283,252,25;297,247,181;282,256,26;293,251,193;286,257,25;294,252,191;286,256,27;294,250,181;314,197,-43;330,196,43;279,173,5;331,173,92;288,134,6;348,148,75;293,128,8;355,141,75;267,128,17;348,138,76
298,256,55;298,260,42;298,260,42;298,260,42;299,260,54;299,260,54;300,261,54;302,261,0;305,263,51;301,254,42;302,255,56;307,248,-39;328,250,82;285,233,-29;315,237,143;281,252,45;297,247,190;280,256,47;293,252,203;284,257,48;293,252,202;285,255,48;294,250,190;311,197,-43;328,196,43;277,174,8;332,171,84;285,136,0;348,148,39;290,130,0;355,141,36;266,128,13;348,136,37
298,256,60;297,259,48;297,260,48;297,260,48;298,260,59;299,260,59;300,261,59;301,261,4;305,262,55;300,254,47;301,254,61;307,248,-34;328,250,85;284,233,-21;314,237,147;281,252,60;296,248,194;279,256,63;292,252,206;284,256,63;293,252,205;284,255,63;294,250,194;311,198,-43;327,196,43;276,174,12;332,171,75;284,136,-10;347,148,16;289,131,-10;352,142,11;264,129,0;348,135,10
296,257,87;296,260,75;296,260,75;296,260,75;297,260,84;298,260,84;299,261,84;299,261,31;304,263,72;298,254,73;299,255,85;303,249,-10;327,250,86;278,236,13;320,227,137;273,253,103;302,216,176;270,256,107;298,214,195;273,257,107;297,215,200;275,255,106;298,215,176;308,197,-38;326,196,38;274,175,9;333,171,77;279,137,-10;347,148,31;285,130,-10;350,142,26;259,129,0;348,134,28
295,257,124;294,260,113;294,260,113;293,261,113;296,261,121;297,261,121;298,261,121;296,261,68;302,263,102;296,255,109;298,255,119;298,249,22;328,250,104;272,240,48;324,226,153;262,254,140;306,216,212;258,258,146;301,215,225;261,259,147;299,215,225;263,257,143;301,215,214;305,198,-34;325,196,33;272,174,12;333,171,82;272,137,-25;347,147,27;277,130,-27;348,142,22;251,130,-17;349,138,26
292,257,129;291,260,118;290,261,118;290,261,118;293,261,125;294,261,125;295,262,125;292,261,73;299,263,107;292,256,114;295,256,124;292,250,24;325,249,107;263,244,30;323,225,154;245,258,104;304,212,212;238,260,106;299,210,222;239,263,109;298,210,221;242,261,108;299,210,213;303,197,-31;322,196,30;269,174,10;333,170,84;267,137,-8;346,147,58;272,130,-9;346,142,57;248,130,6;349,139,65
290,258,118;289,261,107;288,261,107;288,261,107;291,262,114;292,262,114;294,262,114;290,262,64;297,263,96;290,256,104;293,257,114;290,250,15;323,249,100;262,245,24;323,226,150;245,258,98;305,215,210;239,261,100;301,213,221;240,263,104;299,214,220;243,262,102;300,214,211;302,197,-30;322,196,30;269,174,9;333,169,87;267,137,5;346,145,93;272,129,8;346,140,95;246,130,19;349,141,104
282,256,116;281,258,103;281,258,103;280,259,103;284,259,113;284,259,113;285,260,113;282,259,58;288,260,102;282,253,102;285,254,114;281,249,10;316,246,110;248,253,-5;323,224,167;216,261,19;304,215,225;208,261,9;300,211,234;207,263,16;298,213,231;209,262,22;300,215,225;297,196,-32;317,195,32;264,172,13;331,168,112;265,135,28;347,144,140;270,128,32;347,139,145;245,130,32;348,142,147
280,254,119;279,256,106;278,256,106;278,256,106;282,257,115;283,257,115;284,258,115;280,258,60;287,259,102;281,252,104;284,252,116;279,248,15;316,246,109;247,254,-3;322,225,171;215,262,30;303,219,240;205,262,23;299,218,251;205,263,28;294,219,250;208,262,32;296,220,241;295,194,-31;317,195,30;264,171,5;331,169,98;265,130,5;350,142,105;270,124,7;351,137,107;248,126,2;345,142,108
276,250,123;274,253,111;273,253,111;272,253,111;277,254,119;278,254,119;279,255,119;273,254,63;281,257,100;276,248,108;279,249,119;273,245,15;313,245,102;240,251,-1;321,226,158;210,262,35;303,228,225;202,260,30;298,222,236;201,261,34;294,223,236;203,262,38;296,223,227;294,191,-30;316,194,30;261,169,7;328,169,100;265,126,1;351,143,98;271,120,1;354,137,99;249,120,1;341,141,102
276,250,140;274,253,128;274,253,128;273,253,128;277,254,137;278,255,137;279,255,137;274,254,80;282,257,119;276,248,124;279,250,136;272,245,29;311,245,118;242,250,7;321,226,176;210,261,42;303,228,250;201,259,37;302,223,260;201,261,40;298,223,260;204,261,44;299,224,251;294,191,-30;316,194,30;261,168,7;328,169,93;265,125,-11;351,143,74;271,119,-11;355,137,73;247,112,-10;339,141,73
276,250,152;275,253,140;274,253,140;274,253,140;277,254,150;278,254,150;279,255,150;275,254,91;282,256,135;276,248,136;279,249,149;273,245,36;311,245,135;242,250,11;319,226,192;209,260,46;304,227,261;201,259,41;302,224,271;200,261,44;299,225,271;203,261,49;300,225,262;294,191,-31;316,194,30;261,168,5;327,169,89;265,125,-13;351,143,66;272,119,-14;355,137,64;247,110,-12;338,141,63
274,249,133;272,252,121;272,252,121;271,252,121;274,253,130;275,254,130;276,255,130;273,254,75;279,257,113;274,247,118;276,249,129;274,245,24;309,245,118;244,244,17;317,226,173;221,254,72;303,227,237;213,256,69;301,225,247;213,258,71;299,226,246;216,257,74;299,226,238;293,191,-29;315,194,29;260,168,26;327,170,90;264,126,18;351,143,70;271,120,19;356,137,69;248,115,32;339,141,64
274,249,127;272,252,116;272,252,116;271,252,116;274,253,124;275,254,124;276,255,124;273,254,70;278,257,108;274,248,112;276,249,123;274,244,20;309,245,113;245,242,14;317,227,168;222,253,70;303,227,238;214,256,68;301,225,248;215,258,70;299,227,248;218,256,72;299,227,239;294,191,-29;315,194,29;260,168,21;327,170,92;264,125,11;351,143,77;271,119,12;356,137,77;248,115,22;339,141,81
273,250,117;272,253,106;271,253,106;271,253,106;273,254,114;274,255,114;275,255,114;273,254,59;278,257,94;274,248,101;276,249,111;275,244,14;309,246,98;248,238,27;314,227,154;235,249,108;301,224,226;230,253,111;299,223,238;232,255,111;297,224,239;235,252,111;297,224,228;294,191,-30;315,194,29;261,168,18;327,169,84;265,126,22;351,143,79;271,120,25;356,137,79;248,115,39;339,141,86
275,250,118;273,253,107;272,253,107;272,253,107;274,254,115;275,255,115;276,255,115;274,255,61;279,257,97;275,248,103;277,249,114;276,245,15;309,246,100;251,233,33;313,224,148;244,248,112;299,216,196;240,253,113;296,215,203;244,255,113;294,215,201;246,252,114;294,215,196;295,191,-30;315,194,30;262,168,8;327,169,84;265,126,21;351,143,97;270,119,25;356,137,99;249,116,38;339,142,105
276,252,111;274,255,99;274,255,99;273,255,98;276,256,109;276,256,109;277,257,109;275,255,51;280,259,95;276,251,95;278,252,108;279,245,5;310,248,103;259,231,24;312,224,157;255,249,97;296,219,205;253,253,99;293,219,219;258,254,99;291,219,216;259,253,99;291,219,204;295,191,-31;316,194,31;264,168,5;328,169,84;264,126,10;352,143,89;270,119,14;357,137,90;248,117,32;339,142,95
278,253,81;276,255,69;276,255,69;276,255,69;277,256,80;277,257,80;278,257,80;278,256,26;281,259,75;280,251,68;281,252,82;285,245,-14;310,250,92;268,231,-15;309,225,136;264,249,38;296,220,169;263,253,35;293,220,179;266,255,38;291,220,175;268,253,41;291,220,169;299,193,-32;318,195,32;270,168,-5;328,170,90;264,126,13;352,143,128;269,119,18;357,137,133;248,118,27;339,142,138
282,254,35;280,257,23;280,257,23;280,257,23;281,257,36;281,258,36;281,258,36;284,259,-12;285,260,42;284,252,24;285,253,40;292,247,-43;311,251,72;275,231,-63;305,225,113;269,250,-34;291,224,144;269,254,-40;290,226,155;272,255,-34;289,227,152;274,253,-31;289,226,143;304,196,-32;321,197,32;274,168,0;330,170,87;265,126,24;352,143,113;269,119,28;357,137,117;247,122,29;339,142,119
286,255,23;284,258,11;284,258,11;284,258,11;285,258,24;285,259,24;286,259,24;288,260,-23;290,261,33;288,253,12;289,254,29;297,248,-51;314,251,66;280,231,-61;305,229,109;273,250,-19;289,237,138;273,254,-23;287,242,148;276,255,-19;286,247,146;277,254,-16;286,247,138;307,198,-33;324,198,33;278,168,1;332,171,88;266,127,21;352,143,119;269,120,25;357,137,123;249,123,27;339,142,125
287,255,24;286,258,13;286,258,13;286,259,13;286,259,26;287,259,26;287,260,26;290,261,-22;292,262,34;289,253,14;290,254,30;296,249,-52;315,252,66;280,231,-63;303,229,110;273,250,-18;290,236,140;273,254,-22;288,239,151;276,255,-17;287,241,148;277,254,-14;287,240,140;308,198,-35;325,199,35;278,168,-10;333,171,89;266,127,6;352,143,128;269,120,9;357,137,133;249,123,3;339,142,135
288,255,31;287,259,20;287,259,20;287,259,20;287,259,32;288,260,32;288,260,32;290,261,-15;292,262,39;290,254,20;291,254,36;297,248,-46;316,252,70;280,231,-52;301,233,119;273,250,-4;288,243,151;273,254,-8;284,251,162;277,255,-5;285,251,159;278,254,-1;286,250,151;308,198,-36;325,199,37;279,168,-30;333,171,99;266,127,-30;353,143,146;270,120,-28;357,137,152;249,123,-37;339,142,155
