289,307,-73;290,314,-65;290,315,-65;290,315,-65;288,314,-86;286,314,-86;284,315,-86;282,317,-11;276,317,-103;286,303,-50;284,303,-77;287,288,24;239,288,-108;301,250,0;277,242,-101;296,282,-106;299,283,-23;296,293,-124;304,296,-29;294,296,-121;299,302,-28;292,293,-109;297,298,-20;292,188,20;247,183,-20;333,132,-43;225,114,-33;345,82,145;205,69,170;340,74,161;207,62,189;358,52,99;196,43,128
288,308,-139;290,314,-130;290,315,-130;289,315,-130;287,315,-155;286,315,-155;284,316,-155;281,317,-67;274,318,-175;285,303,-112;282,303,-144;286,288,-18;235,288,-179;301,250,-66;277,244,-202;306,284,-214;302,289,-159;306,295,-240;307,303,-177;304,300,-236;310,310,-172;301,296,-218;308,306,-156;292,188,22;247,182,-22;333,132,-42;224,114,-38;345,82,155;204,69,170;340,75,173;207,62,189;358,53,110;196,43,127
288,309,-139;289,315,-130;289,316,-130;289,316,-130;287,316,-155;286,316,-155;284,317,-155;280,318,-68;274,318,-177;284,303,-112;282,304,-144;286,289,-16;235,288,-182;302,247,-59;277,245,-200;307,278,-205;303,291,-154;307,288,-230;308,307,-171;305,294,-227;310,312,-166;303,290,-210;308,308,-150;292,188,23;247,182,-23;333,133,-39;224,114,-40;345,82,158;204,69,170;340,75,176;207,62,189;358,53,112;195,43,125
287,309,-119;288,315,-110;288,316,-110;288,316,-110;287,316,-134;285,316,-134;283,317,-134;280,318,-50;273,319,-155;283,303,-93;281,304,-124;285,289,-4;234,288,-160;300,245,-44;277,245,-165;306,273,-192;303,290,-104;306,283,-216;308,306,-116;304,288,-212;308,312,-112;302,285,-196;306,308,-100;292,188,23;247,181,-23;333,133,-29;224,114,-30;345,82,170;204,69,186;340,75,188;207,62,206;358,53,125;195,43,144
286,309,-118;288,316,-110;287,316,-110;287,317,-110;286,316,-133;285,316,-133;283,317,-133;279,318,-50;273,319,-156;282,304,-93;280,304,-124;284,289,-1;234,288,-161;299,243,-40;277,245,-164;305,270,-187;303,291,-103;305,278,-211;308,307,-116;303,284,-207;308,313,-111;301,281,-191;306,309,-99;292,188,23;247,181,-23;333,133,-29;223,114,-28;345,82,169;204,69,188;340,75,187;207,62,208;358,53,123;196,43,146
286,309,-125;287,316,-117;287,316,-117;286,317,-117;285,316,-141;284,316,-141;283,317,-141;279,318,-57;273,319,-165;282,304,-99;280,304,-131;284,289,-5;234,287,-169;298,242,-35;277,245,-172;304,265,-174;303,291,-114;304,272,-196;308,308,-127;302,278,-194;306,312,-123;300,276,-179;304,308,-110;292,188,23;247,180,-23;333,133,-31;223,114,-29;345,82,169;204,70,188;340,75,187;207,63,208;358,53,124;196,43,146
285,309,-117;287,316,-109;286,316,-109;286,317,-109;285,316,-132;284,317,-132;282,317,-132;278,318,-50;273,319,-155;282,304,-92;279,304,-123;284,289,-4;234,287,-159;299,242,-34;278,245,-161;304,267,-170;303,292,-100;304,275,-191;308,308,-112;302,281,-188;304,311,-108;300,278,-173;302,307,-96;291,188,23;247,180,-23;333,133,-32;222,113,-31;345,82,169;204,70,187;340,75,188;207,63,207;358,53,125;196,44,147
285,309,-104;286,316,-95;286,316,-95;286,317,-95;285,316,-119;284,316,-119;282,317,-119;278,318,-37;272,319,-142;281,304,-79;279,304,-110;284,289,7;234,287,-149;298,243,-17;278,245,-144;303,269,-143;303,292,-72;302,279,-162;307,308,-82;301,284,-157;303,311,-78;299,281,-146;301,307,-68;291,188,23;247,180,-23;333,133,-30;222,113,-31;345,82,173;204,70,191;340,75,192;207,63,212;358,53,130;196,44,153
285,309,-99;286,315,-90;286,316,-90;286,316,-90;285,316,-113;284,316,-113;282,317,-113;278,318,-32;272,319,-136;281,304,-74;279,304,-105;284,289,11;234,287,-142;297,243,0;278,245,-138;299,276,-104;303,291,-68;298,288,-118;307,307,-77;297,291,-113;302,311,-73;295,288,-105;300,307,-64;291,188,23;247,180,-23;333,133,-30;222,113,-27;345,82,176;204,70,198;340,75,195;207,64,220;358,53,133;196,44,160
285,308,-99;286,315,-90;286,315,-90;286,316,-90;285,315,-113;284,316,-113;282,317,-113;278,318,-32;272,319,-134;281,304,-74;279,304,-104;284,289,11;234,287,-138;296,243,5;278,246,-137;295,279,-83;303,291,-67;293,292,-96;307,307,-76;293,295,-90;302,311,-72;291,291,-84;299,307,-63;291,188,23;247,180,-23;333,133,-30;222,113,-25;345,82,181;204,71,198;340,75,200;207,64,219;358,53,137;195,44,158
284,308,-97;286,315,-88;286,315,-88;286,316,-88;285,315,-111;284,316,-111;282,317,-111;278,318,-29;272,319,-130;281,303,-72;279,304,-102;284,289,12;234,287,-133;296,243,1;277,246,-132;294,281,-94;302,291,-60;292,293,-108;306,307,-69;292,296,-102;301,310,-65;290,292,-96;298,306,-56;291,188,22;247,180,-22;333,133,-28;222,113,-24;345,82,183;204,71,195;340,75,202;207,64,215;358,53,140;195,44,154
284,308,-95;286,315,-86;286,315,-86;286,316,-86;285,315,-108;284,316,-108;282,317,-108;278,318,-27;272,319,-126;281,303,-70;279,304,-99;284,289,13;234,287,-130;296,243,-3;277,246,-128;294,281,-111;302,291,-56;293,293,-127;305,307,-64;292,297,-122;300,310,-60;290,293,-113;298,307,-52;291,188,21;247,180,-22;333,133,-27;222,113,-24;345,81,184;204,71,193;340,75,203;207,64,214;358,53,140;195,44,153
284,308,-94;286,315,-85;286,315,-85;286,316,-85;285,315,-107;284,316,-107;282,317,-107;278,318,-25;272,319,-125;281,303,-69;279,304,-98;284,289,14;234,288,-128;296,243,-5;277,246,-127;294,281,-116;302,291,-53;293,293,-133;305,307,-61;292,297,-127;299,309,-57;290,293,-118;298,307,-49;291,188,21;247,180,-21;333,133,-26;222,113,-24;345,81,185;204,71,192;340,75,204;207,64,213;358,54,141;195,44,151
284,308,-94;286,314,-85;286,315,-85;286,315,-85;285,315,-108;284,316,-108;282,317,-108;278,318,-26;272,319,-125;281,303,-69;279,304,-98;284,289,14;233,288,-128;296,243,-3;277,246,-127;294,282,-104;301,291,-54;292,294,-119;305,307,-62;292,298,-113;299,309,-59;290,294,-106;298,307,-50;291,188,21;247,180,-21;333,133,-26;222,113,-24;345,81,186;204,71,192;340,75,206;207,64,212;358,54,143;195,44,151
284,308,-94;286,314,-84;286,315,-84;286,315,-84;285,315,-107;284,316,-107;282,317,-107;278,318,-25;272,319,-125;281,303,-68;279,304,-98;284,288,14;233,288,-128;296,243,-3;277,246,-126;294,282,-116;301,291,-51;293,294,-133;304,306,-59;292,297,-125;298,309,-56;290,293,-118;298,307,-47;291,188,21;247,180,-21;333,133,-26;222,113,-24;345,81,186;204,71,192;340,75,205;207,64,212;358,54,142;195,44,151
284,308,-93;286,314,-84;286,315,-84;286,315,-84;285,315,-106;284,316,-106;282,317,-106;278,318,-24;272,319,-124;281,303,-68;279,304,-97;284,288,15;233,288,-128;296,243,-8;277,246,-125;294,282,-131;301,291,-51;293,293,-149;304,306,-59;292,297,-142;298,308,-55;290,293,-133;298,307,-47;291,188,21;247,180,-21;333,133,-26;222,113,-24;345,81,186;204,71,192;340,75,205;207,64,212;358,54,142;195,44,151
284,308,-93;286,314,-84;286,315,-84;286,315,-84;285,315,-106;284,316,-106;282,317,-106;278,318,-24;272,319,-124;281,303,-68;279,304,-97;284,288,15;233,288,-128;296,243,-11;277,246,-125;294,282,-135;301,291,-50;293,293,-154;304,305,-58;292,297,-147;298,308,-54;290,293,-137;298,307,-46;291,188,20;247,180,-21;333,133,-26;222,113,-24;345,81,185;204,71,192;340,75,204;207,63,212;358,54,142;195,44,150
284,308,-92;286,314,-83;286,315,-83;286,315,-83;285,315,-106;284,316,-106;282,317,-106;278,318,-24;272,319,-124;281,303,-67;279,304,-97;284,288,15;233,288,-127;296,243,-11;277,246,-124;294,281,-133;301,291,-48;293,293,-151;304,305,-56;292,297,-145;298,308,-52;290,293,-135;298,307,-44;291,188,20;247,180,-21;333,133,-26;222,113,-24;345,81,185;204,71,192;340,75,204;207,63,212;358,54,142;195,44,150
284,308,-91;286,314,-82;286,315,-82;286,315,-82;285,315,-104;284,316,-104;282,317,-104;279,318,-23;272,319,-123;281,303,-66;279,304,-96;284,288,15;233,288,-127;296,243,-11;277,246,-123;295,281,-134;301,291,-46;293,293,-152;304,305,-54;293,297,-145;298,308,-50;290,293,-136;298,307,-42;291,188,20;247,180,-21;333,133,-26;222,113,-25;345,81,185;204,71,192;340,75,205;207,63,212;358,54,142;195,44,151
284,308,-90;286,314,-81;286,315,-81;286,315,-81;285,315,-103;284,316,-103;282,317,-103;279,318,-22;272,319,-122;281,303,-65;279,304,-94;284,288,16;233,288,-126;296,243,-12;277,246,-121;295,281,-138;301,291,-44;294,293,-157;304,305,-51;293,297,-151;298,308,-47;291,293,-140;298,307,-39;291,188,20;247,180,-21;333,133,-26;222,113,-25;345,81,185;204,71,192;340,75,204;207,63,213;358,54,142;195,44,152
284,308,-89;286,314,-80;286,315,-80;286,315,-80;285,315,-102;284,316,-102;282,317,-102;279,318,-22;272,319,-121;281,303,-64;279,304,-93;284,288,16;233,288,-125;296,243,-12;277,246,-119;295,281,-137;301,291,-40;294,293,-156;304,305,-47;293,297,-149;297,308,-43;291,293,-139;297,307,-36;291,188,20;247,180,-21;333,133,-26;222,113,-24;345,81,185;204,71,194;340,75,204;207,63,214;358,54,142;195,44,154
284,308,-89;286,314,-80;286,315,-80;286,315,-80;285,315,-102;284,316,-102;282,317,-102;279,318,-22;272,319,-122;281,303,-64;279,304,-94;284,288,16;233,288,-125;296,243,-11;277,246,-120;295,281,-135;301,291,-42;294,293,-153;304,305,-49;293,297,-146;297,308,-45;291,293,-137;297,307,-37;291,188,20;247,180,-20;333,133,-26;222,113,-24;345,81,185;204,71,194;340,75,204;207,63,215;358,54,142;195,44,154
284,308,-89;286,314,-80;286,315,-80;286,315,-80;285,315,-103;284,316,-103;282,316,-103;279,318,-22;272,319,-122;281,303,-65;279,304,-94;285,288,16;233,288,-125;296,243,-10;277,246,-120;295,281,-127;301,291,-41;294,294,-144;304,305,-48;293,297,-137;297,307,-45;291,293,-129;297,307,-37;291,188,20;247,180,-20;333,133,-26;222,113,-24;345,81,185;204,71,194;340,75,204;207,63,215;358,54,141;195,44,154
284,307,-89;286,314,-80;286,315,-80;286,315,-80;285,315,-103;284,315,-103;282,316,-103;279,318,-22;272,319,-122;281,303,-65;279,304,-94;285,288,16;233,288,-125;296,243,-7;277,246,-119;295,282,-118;301,290,-41;294,294,-134;304,305,-48;293,297,-128;297,307,-44;291,293,-120;298,307,-37;291,188,20;247,180,-20;333,133,-26;222,113,-24;345,81,184;204,71,195;340,75,204;207,63,215;358,54,141;195,44,155
284,307,-90;286,314,-81;286,315,-81;286,315,-81;285,315,-103;284,315,-103;282,316,-103;279,318,-22;272,319,-122;281,303,-65;279,304,-94;285,288,16;233,288,-124;296,244,-3;277,246,-120;295,282,-107;301,290,-42;294,294,-122;304,304,-49;293,298,-116;297,307,-45;291,294,-108;298,307,-38;291,188,20;247,180,-20;333,133,-26;222,113,-23;345,81,184;204,71,195;340,75,203;207,63,215;359,54,141;195,44,155
284,307,-90;286,314,-81;286,315,-81;286,315,-81;285,315,-103;284,315,-103;282,316,-103;279,318,-22;272,319,-122;281,303,-65;279,304,-94;285,288,16;233,288,-125;296,244,0;277,246,-120;295,282,-99;301,290,-42;293,295,-113;304,304,-49;293,298,-107;298,307,-46;291,294,-100;298,307,-38;291,188,20;247,180,-20;333,133,-27;222,113,-23;346,81,184;204,71,195;340,75,203;207,63,215;359,54,141;195,44,155
284,307,-90;286,314,-81;286,315,-81;286,315,-81;285,315,-103;284,315,-103;282,316,-103;279,317,-23;272,319,-121;281,303,-65;279,304,-94;285,288,16;233,288,-124;296,244,5;277,246,-119;294,283,-85;301,290,-43;293,295,-98;304,304,-49;293,298,-92;298,307,-46;290,294,-86;298,307,-38;291,187,20;247,180,-20;333,133,-28;222,113,-23;346,81,182;204,71,195;340,75,202;207,63,215;359,54,140;195,44,155
284,307,-90;286,314,-81;286,315,-81;286,315,-81;285,315,-103;284,315,-103;282,316,-103;279,317,-23;272,319,-121;281,303,-65;279,304,-94;285,288,16;233,288,-123;296,244,5;277,246,-119;294,283,-85;300,290,-43;293,296,-98;304,305,-50;293,299,-92;298,307,-46;290,295,-86;297,307,-39;291,187,20;247,180,-20;333,133,-29;222,113,-22;346,81,181;204,71,196;340,75,200;207,63,216;359,54,138;195,44,156
284,307,-90;286,314,-81;286,315,-81;286,315,-81;285,315,-103;284,315,-103;282,316,-103;279,317,-23;272,319,-121;281,303,-65;279,304,-94;285,288,16;233,288,-123;296,244,3;277,246,-119;294,283,-93;300,290,-42;293,295,-108;304,305,-49;293,299,-101;298,307,-45;290,294,-94;297,307,-38;291,187,20;247,180,-20;333,133,-29;222,113,-22;346,81,179;204,71,196;340,75,198;207,63,216;359,54,137;195,44,156
284,307,-90;286,314,-81;286,315,-81;286,315,-81;285,315,-103;284,315,-103;282,316,-103;279,317,-23;272,319,-121;281,303,-65;279,304,-94;285,288,16;233,288,-123;296,244,0;277,246,-118;294,282,-105;300,290,-42;293,295,-121;304,305,-48;293,298,-115;297,307,-45;290,294,-107;297,307,-38;291,187,20;247,180,-20;333,133,-30;222,113,-22;346,81,178;204,71,195;340,75,197;207,63,216;359,54,135;195,44,156
284,307,-90;286,314,-81;286,315,-81;286,315,-81;285,315,-103;284,315,-103;282,316,-103;279,317,-23;272,319,-121;281,303,-65;279,304,-94;285,288,16;233,288,-123;296,244,0;277,246,-118;294,282,-105;300,290,-42;293,295,-121;304,305,-48;293,298,-115;297,307,-45;291,294,-107;297,307,-38;291,187,20;247,180,-20;333,133,-30;222,113,-22;346,81,178;204,71,195;340,75,196;207,63,216;359,54,135;195,44,156
284,307,-90;286,314,-81;286,315,-81;286,315,-81;285,315,-103;284,315,-103;282,316,-103;279,317,-23;272,319,-121;281,303,-65;279,304,-94;285,288,16;233,288,-123;296,244,-1;277,246,-118;294,282,-111;300,290,-41;293,295,-127;304,305,-48;293,298,-121;297,307,-44;291,294,-113;297,307,-37;291,187,20;247,180,-20;333,133,-30;222,113,-22;346,81,177;204,71,195;340,75,196;207,63,216;359,54,135;195,44,156
284,307,-90;286,314,-81;286,315,-81;286,315,-81;285,315,-103;284,315,-103;282,316,-103;279,317,-22;272,319,-120;281,303,-65;279,304,-94;285,288,16;233,288,-123;296,244,-1;277,246,-118;295,282,-112;300,290,-40;294,295,-128;304,306,-46;293,298,-122;297,307,-43;291,294,-114;297,307,-36;291,187,20;247,180,-20;333,133,-30;222,113,-22;346,81,177;204,71,195;340,75,196;207,63,216;359,54,135;195,44,156
284,307,-89;286,314,-80;286,315,-80;286,315,-80;285,315,-102;284,315,-102;282,316,-102;279,317,-22;272,319,-120;281,303,-64;279,304,-93;285,288,16;233,288,-123;296,244,-3;277,246,-117;295,282,-116;300,290,-37;294,294,-132;304,306,-43;293,298,-126;297,307,-40;291,294,-118;297,307,-33;291,187,20;247,180,-20;333,133,-30;222,113,-22;346,81,177;204,71,195;340,75,196;207,63,216;359,54,134;195,44,156
284,307,-89;286,314,-80;286,315,-80;286,315,-80;285,315,-102;284,315,-102;282,316,-102;279,317,-22;272,319,-120;281,303,-64;279,304,-93;285,288,16;233,288,-123;296,244,-4;277,246,-117;295,282,-121;300,290,-36;294,294,-137;304,306,-42;294,297,-132;297,307,-39;291,293,-123;297,307,-32;291,187,20;247,180,-20;333,133,-30;222,113,-23;346,81,176;204,71,195;340,75,195;207,63,216;359,54,134;195,44,156
284,307,-89;286,314,-80;286,315,-80;286,315,-80;285,315,-102;284,315,-102;282,316,-102;279,317,-22;272,319,-120;281,303,-64;279,304,-93;285,288,16;233,288,-123;296,244,-6;277,246,-117;295,281,-125;300,290,-35;294,293,-143;304,305,-41;294,296,-137;297,307,-38;291,292,-128;297,307,-31;291,187,20;247,180,-20;333,133,-30;222,113,-23;346,81,176;204,70,195;340,75,195;207,63,216;359,54,134;195,44,157
284,307,-89;286,314,-80;286,315,-80;286,315,-80;285,315,-102;284,315,-102;282,316,-102;279,317,-22;272,319,-120;281,303,-64;279,304,-93;285,288,16;233,288,-123;296,244,-7;277,246,-117;295,281,-127;300,290,-35;294,293,-145;304,305,-41;294,296,-139;297,307,-38;291,292,-129;297,307,-31;291,187,20;247,180,-20;333,133,-30;222,113,-23;346,81,176;204,70,195;340,75,195;207,63,216;359,54,134;195,44,157
284,307,-89;286,314,-80;286,315,-80;286,315,-80;285,315,-102;284,315,-102;282,316,-102;279,317,-22;272,319,-120;281,303,-64;279,304,-93;285,288,16;233,288,-123;296,244,-7;277,246,-117;295,280,-126;300,290,-35;294,292,-143;304,305,-41;294,296,-137;297,307,-38;291,292,-128;297,307,-31;291,187,20;247,180,-20;333,133,-31;222,113,-23;346,81,176;204,70,196;340,75,195;207,63,216;359,54,133;195,44,158
285,307,-89;286,314,-80;286,315,-80;286,315,-80;285,315,-102;284,315,-102;282,316,-102;279,317,-22;272,319,-120;281,303,-64;279,304,-93;285,288,16;233,288,-124;296,244,-8;277,246,-117;295,280,-130;300,290,-35;294,292,-147;304,305,-40;294,295,-141;297,307,-37;291,291,-132;297,307,-30;291,187,20;247,180,-20;333,133,-31;222,113,-23;346,81,176;204,70,196;340,75,194;207,63,216;359,54,133;195,44,158
285,307,-89;286,314,-80;286,315,-80;286,315,-80;285,315,-102;284,315,-102;282,316,-102;279,317,-22;272,319,-121;281,303,-64;279,304,-93;285,288,16;233,288,-124;296,244,-8;277,246,-118;295,280,-128;300,290,-35;294,292,-146;304,304,-41;294,295,-140;297,307,-38;291,291,-131;297,307,-31;291,187,20;247,180,-20;333,133,-31;222,113,-23;346,81,176;204,70,196;340,75,195;207,63,217;359,54,133;195,44,158
285,307,-90;286,314,-81;286,315,-81;286,315,-81;285,315,-103;284,315,-103;282,316,-103;279,317,-22;272,319,-121;281,303,-65;279,304,-94;285,288,16;233,288,-124;296,244,-9;277,246,-118;295,280,-128;300,290,-35;294,291,-146;304,304,-41;294,295,-140;297,307,-38;291,291,-130;297,307,-31;291,187,20;247,180,-20;333,133,-31;222,113,-23;346,81,176;204,70,196;340,75,195;207,63,217;359,54,133;195,44,158
285,308,-90;286,314,-81;286,315,-81;286,315,-81;285,315,-103;284,315,-103;282,316,-103;279,317,-22;272,319,-121;281,303,-65;279,304,-94;285,288,16;233,288,-125;296,244,-11;277,246,-119;295,279,-137;300,290,-35;294,290,-156;304,304,-41;294,293,-150;297,307,-38;291,290,-140;297,307,-31;291,187,20;247,180,-20;333,133,-30;222,113,-23;346,81,177;204,70,196;340,75,195;207,63,217;359,54,134;195,44,158
285,308,-90;286,314,-81;286,315,-81;286,315,-81;285,315,-103;284,315,-103;282,316,-103;279,317,-22;272,319,-121;281,303,-65;279,304,-94;285,288,16;233,288,-125;296,244,-12;277,246,-119;295,278,-138;300,290,-35;294,289,-156;304,304,-42;294,293,-150;297,307,-39;291,289,-140;297,307,-31;291,187,20;247,180,-20;333,133,-29;222,113,-24;346,81,179;204,70,196;340,75,198;207,63,217;359,54,136;195,44,158
285,308,-90;286,314,-81;286,315,-81;286,315,-81;285,315,-104;284,315,-104;282,316,-104;279,317,-22;272,319,-122;281,303,-65;279,304,-95;285,288,16;233,288,-126;296,244,-13;277,246,-120;295,278,-139;300,290,-38;294,289,-158;304,304,-45;294,293,-152;297,307,-42;291,289,-141;297,307,-34;291,187,20;247,180,-20;333,133,-28;222,113,-25;346,81,182;204,70,195;340,75,201;207,63,215;359,54,139;195,44,156
285,308,-90;286,314,-81;286,315,-81;286,315,-81;285,315,-104;284,315,-104;282,316,-104;279,317,-22;272,319,-122;281,303,-65;279,304,-95;285,288,16;233,288,-125;296,244,-13;277,246,-120;295,279,-137;300,290,-38;294,290,-155;304,304,-45;294,293,-149;297,307,-42;291,290,-139;297,306,-34;291,187,20;247,180,-20;333,133,-26;222,113,-25;346,81,184;204,70,194;340,75,203;207,63,214;359,54,141;195,44,155
287,307,-134;289,314,-124;290,314,-124;291,315,-124;286,314,-144;285,315,-144;283,316,-144;285,317,-55;272,318,-144;286,302,-104;281,302,-130;292,288,-9;236,287,-137;312,249,-46;277,245,-197;310,294,-151;301,288,-214;308,309,-169;307,305,-235;309,315,-162;304,309,-225;307,309,-152;303,307,-210;292,187,18;248,180,-18;335,132,-18;222,113,-28;350,82,194;204,70,179;346,76,213;208,63,197;363,54,145;195,44,128
289,307,-152;291,314,-142;292,314,-142;292,315,-142;288,314,-166;286,315,-166;284,316,-166;285,317,-74;273,318,-180;288,302,-123;283,302,-154;294,288,-25;236,287,-175;323,252,-70;278,245,-236;323,304,-194;305,289,-248;323,323,-217;310,308,-272;322,326,-210;308,313,-263;319,319,-196;307,308,-245;293,187,19;249,180,-19;335,132,-19;222,113,-38;351,83,195;205,70,173;348,76,215;209,62,192;365,55,149;195,44,123
290,307,-159;292,314,-149;293,314,-149;293,315,-149;289,314,-173;287,315,-173;285,316,-173;286,317,-80;273,318,-185;289,302,-129;284,301,-160;295,288,-29;237,287,-179;329,252,-71;278,246,-242;325,305,-187;306,290,-253;327,325,-210;317,309,-277;324,328,-202;310,314,-268;322,322,-188;309,309,-250;294,187,20;250,180,-20;336,132,-17;222,113,-38;352,83,196;205,70,173;348,77,216;209,62,192;366,55,151;195,44,124
291,307,-142;292,314,-132;293,314,-132;294,315,-132;289,314,-153;287,315,-153;285,316,-153;287,317,-63;274,318,-171;290,302,-112;284,302,-140;296,288,-16;238,287,-156;326,252,-53;277,245,-196;319,300,-170;306,286,-189;319,316,-190;316,303,-207;317,324,-185;309,308,-200;314,315,-173;308,303,-186;295,187,19;250,180,-19;336,132,-18;223,113,-36;352,84,194;205,70,177;348,77,213;210,62,196;366,56,149;195,44,129
296,310,-185;298,317,-173;299,317,-173;299,317,-173;293,317,-192;290,318,-192;287,318,-192;294,317,-91;275,318,-178;296,304,-151;289,304,-176;302,288,-41;239,287,-158;335,259,-119;270,240,-240;316,291,-263;301,278,-296;318,311,-291;311,291,-323;316,319,-279;309,297,-313;313,312,-263;302,291,-292;297,187,16;252,181,-16;337,131,-26;223,116,-84;360,84,188;205,70,106;358,77,207;210,62,122;375,56,135;195,44,40
304,312,-229;306,319,-214;307,320,-214;308,320,-214;299,320,-229;296,320,-229;292,320,-229;302,319,-114;281,320,-182;303,305,-189;295,305,-209;310,290,-52;243,288,-154;337,277,-89;255,241,-279;364,282,-213;282,277,-430;374,281,-238;288,285,-471;376,283,-244;289,294,-465;371,282,-220;287,290,-431;300,187,11;254,184,-11;341,128,-8;223,120,-91;368,84,208;205,70,93;367,76,225;210,62,108;386,56,151;195,44,23
314,315,-245;315,322,-230;316,322,-230;317,323,-230;310,322,-246;307,322,-246;304,322,-246;311,321,-137;294,321,-208;313,308,-207;307,308,-228;322,293,-65;251,289,-178;366,285,-68;251,241,-311;416,282,-126;278,279,-464;429,284,-140;287,289,-506;431,285,-160;287,297,-497;427,283,-138;286,293,-465;303,187,13;257,187,-12;346,127,12;223,123,-136;375,83,237;207,72,56;372,76,256;212,64,73;389,56,178;196,44,-18
322,315,-236;324,321,-222;325,322,-222;326,322,-222;319,321,-238;316,322,-238;313,322,-238;321,321,-132;302,322,-202;321,308,-199;316,308,-219;332,294,-62;259,290,-178;377,291,-65;254,241,-318;423,285,-129;283,280,-471;436,286,-142;292,291,-514;437,286,-158;291,301,-500;432,285,-139;289,295,-470;306,187,13;262,189,-13;349,127,4;225,127,-156;376,83,234;211,75,40;373,75,253;217,67,57;388,56,177;200,47,-35
327,314,-265;328,321,-253;329,321,-253;329,321,-253;323,321,-266;321,321,-266;318,322,-266;324,321,-164;309,322,-222;326,307,-229;320,308,-246;339,293,-90;266,290,-199;387,286,-91;256,241,-345;437,284,-155;284,272,-510;451,286,-159;294,283,-554;451,287,-192;291,294,-539;446,285,-170;290,288,-509;309,187,13;264,190,-13;350,127,19;228,127,-170;376,82,269;220,79,46;372,74,289;226,72,65;388,56,217;209,51,-23
327,314,-287;329,321,-276;330,321,-276;332,321,-276;323,321,-286;320,321,-286;317,321,-286;329,320,-188;308,322,-230;327,306,-251;320,307,-263;342,293,-109;270,291,-207;389,286,-109;258,241,-359;444,284,-160;286,271,-530;458,287,-168;295,283,-573;458,290,-193;292,290,-560;453,286,-174;290,285,-530;312,186,13;267,190,-13;352,127,26;235,129,-142;376,81,260;230,85,75;374,73,279;235,81,93;387,56,204;220,55,8
329,312,-316;331,319,-304;332,319,-304;334,319,-304;325,320,-317;321,320,-317;318,321,-317;332,318,-210;310,321,-265;329,304,-277;322,305,-293;343,293,-121;272,292,-240;386,287,-112;258,241,-399;440,286,-179;298,273,-582;456,288,-195;307,286,-630;456,290,-218;309,292,-619;450,288,-193;306,288,-582;316,186,15;272,190,-15;353,127,13;240,127,-35;376,81,247;235,90,247;375,72,267;238,89,273;387,56,192;229,57,199
332,312,-259;333,318,-247;334,319,-247;335,319,-247;329,319,-262;326,320,-262;323,320,-262;331,318,-161;313,321,-230;331,304,-223;325,305,-243;340,293,-90;272,292,-214;385,286,-70;259,241,-364;425,289,-135;301,274,-527;443,291,-151;310,287,-573;444,293,-173;312,294,-561;436,292,-148;311,290,-527;318,186,18;274,190,-18;355,128,11;245,127,31;377,79,239;239,91,312;375,70,258;242,90,338;388,56,185;234,58,270
329,311,-285;331,318,-275;332,318,-275;333,318,-275;325,319,-288;322,320,-288;319,320,-288;330,317,-188;309,321,-244;328,303,-248;322,304,-265;341,292,-122;271,291,-212;386,285,-224;259,240,-352;407,286,-402;298,271,-509;409,289,-439;309,286,-553;393,291,-435;309,294,-536;396,289,-407;308,290,-506;319,186,16;275,189,-16;356,130,-7;248,127,4;377,80,235;241,88,271;374,71,258;244,86,295;389,56,182;235,56,227
326,311,-265;328,318,-256;329,318,-256;330,318,-256;323,319,-267;320,320,-267;318,321,-267;329,317,-173;308,322,-237;325,303,-230;320,304,-245;340,292,-112;268,291,-175;383,272,-212;259,238,-291;368,280,-372;291,269,-439;363,282,-403;302,283,-472;353,285,-392;301,293,-456;354,284,-371;301,288,-435;321,187,12;276,189,-12;356,132,-42;250,126,-65;377,80,175;243,87,162;374,71,193;247,83,183;388,56,127;234,56,119
326,312,-249;327,319,-240;328,319,-240;329,319,-240;321,320,-252;318,321,-252;315,322,-252;326,318,-153;303,322,-213;323,304,-212;319,305,-229;337,293,-96;267,291,-161;359,260,-171;259,237,-277;357,271,-350;289,269,-433;359,279,-385;297,280,-469;355,284,-382;297,290,-456;352,281,-354;296,285,-430;321,190,13;276,189,-13;356,133,-30;252,125,-1;376,79,174;244,87,235;374,71,191;247,83,255;389,56,116;234,55,182
317,313,-223;319,320,-212;320,320,-212;321,321,-212;313,321,-223;311,322,-223;308,323,-223;319,321,-128;298,323,-176;318,305,-188;311,307,-202;337,294,-76;265,290,-140;353,262,-166;259,235,-249;335,274,-333;289,270,-391;333,280,-368;292,282,-429;326,285,-362;291,291,-419;325,282,-335;290,287,-390;321,191,12;275,189,-12;356,134,-34;253,126,-19;377,79,171;245,85,219;374,70,188;249,81,241;389,56,115;234,55,170
305,309,-217;308,318,-208;309,318,-208;311,318,-208;301,318,-217;298,319,-217;295,319,-218;309,319,-128;286,319,-169;307,302,-183;298,303,-195;328,293,-76;255,287,-134;347,264,-177;259,233,-237;325,284,-320;285,270,-352;319,293,-348;285,282,-383;316,298,-334;287,290,-370;316,293,-318;285,287,-349;319,190,11;274,188,-11;355,134,-72;251,125,-61;376,79,131;246,81,154;373,70,149;250,76,174;389,56,79;234,54,105
303,309,-189;304,318,-180;305,318,-180;305,319,-180;300,318,-197;298,319,-197;295,320,-197;299,319,-106;284,319,-178;304,303,-157;297,304,-179;316,293,-54;249,284,-149;340,256,-137;260,231,-231;322,284,-283;286,270,-308;315,293,-309;286,281,-335;312,300,-289;289,288,-325;312,294,-278;287,285,-305;319,191,12;274,187,-12;355,134,-60;251,125,-58;376,80,156;245,80,156;373,70,172;249,74,175;389,56,102;235,54,108
299,308,-197;300,316,-189;300,316,-189;301,317,-189;296,316,-208;294,317,-208;292,317,-208;294,318,-116;280,318,-203;298,302,-166;293,302,-190;308,293,-62;244,283,-179;337,259,-131;262,229,-253;322,278,-283;286,270,-330;315,289,-308;289,282,-359;309,295,-292;287,289,-351;309,292,-278;285,286,-328;316,191,17;273,186,-17;355,136,-43;250,125,-19;376,79,138;244,80,193;372,70,153;248,74,211;391,56,85;236,56,152
296,305,-198;297,313,-189;298,314,-189;298,314,-189;294,314,-208;292,314,-208;289,315,-208;292,317,-115;279,316,-202;296,300,-165;290,300,-190;305,293,-60;242,282,-176;332,261,-116;265,230,-244;318,275,-258;287,271,-307;313,280,-283;289,283,-332;307,286,-276;289,289,-325;307,284,-258;287,286,-305;313,192,17;271,185,-17;353,137,-56;250,123,22;376,79,59;244,80,214;371,70,68;248,74,231;393,56,-4;237,56,175
294,304,-173;294,312,-167;295,312,-167;296,312,-167;291,312,-185;289,313,-186;287,314,-186;290,315,-98;278,316,-183;293,299,-143;287,299,-167;302,293,-47;241,282,-159;327,262,-99;267,230,-220;309,285,-223;287,278,-265;302,293,-244;290,287,-286;299,299,-234;287,292,-277;299,296,-222;285,289,-262;311,192,18;270,184,-18;353,137,-33;249,122,35;375,79,98;244,80,226;370,70,109;247,74,243;393,56,41;237,56,190
294,304,-160;296,312,-152;297,312,-152;297,313,-152;292,313,-167;290,313,-167;287,314,-167;292,315,-83;279,316,-153;294,299,-130;288,300,-150;303,293,-43;242,282,-126;319,262,-91;268,231,-200;294,286,-185;288,279,-254;286,293,-201;295,290,-274;285,298,-192;287,293,-263;286,295,-183;286,291,-250;311,192,16;270,184,-16;348,136,-13;249,122,46;374,77,101;244,80,233;369,67,110;248,74,249;393,56,39;237,56,196
294,305,-164;296,312,-156;297,312,-156;298,313,-156;292,313,-171;290,314,-171;287,315,-171;293,315,-89;279,316,-156;294,299,-134;288,300,-154;304,293,-50;242,282,-128;315,263,-93;268,231,-199;282,288,-173;290,282,-247;272,295,-189;298,293,-265;272,300,-179;288,298,-254;273,297,-171;286,293,-243;310,191,15;269,184,-15;346,136,-11;249,122,47;373,77,105;244,80,240;368,66,114;248,74,257;393,56,44;237,56,204
373,297,-212;379,307,-196;380,307,-196;381,307,-196;373,308,-218;370,309,-218;367,310,-218;377,306,-100;354,312,-188;371,289,-170;364,291,-199;383,266,-41;305,271,-148;404,215,-105;329,213,-263;417,242,-285;364,273,-378;427,258,-316;373,288,-412;428,267,-318;366,293,-403;422,263,-291;365,287,-376;368,158,15;317,154,-15;406,74,-66;276,63,24;425,7,46;272,23,245;424,-9,55;271,17,266;446,-31,-32;257,-2,207
375,297,-214;381,306,-199;382,306,-200;384,305,-200;374,308,-217;371,309,-217;367,311,-217;381,305,-104;356,312,-177;374,289,-175;366,292,-198;388,267,-47;311,274,-132;409,213,-109;328,213,-261;439,238,-287;357,269,-398;448,244,-315;362,286,-431;448,252,-317;358,293,-422;444,250,-292;358,286,-397;373,157,10;323,155,-10;410,70,-70;285,67,10;433,10,44;274,16,189;430,6,52;277,11,205;442,-32,-37;259,-2,134
376,299,-198;381,307,-181;383,307,-181;385,306,-181;374,309,-193;370,311,-193;367,312,-193;382,306,-82;356,312,-132;376,290,-158;367,293,-173;395,271,-35;313,275,-99;433,249,-140;315,214,-241;451,314,-295;346,262,-383;450,330,-325;355,279,-415;446,334,-320;354,287,-404;446,327,-299;353,281,-381;376,158,7;323,159,-7;410,67,-57;288,73,6;439,10,74;274,15,151;438,8,84;278,7,163;445,-23,0;261,-4,82
377,301,-166;381,309,-151;383,308,-151;385,308,-151;373,311,-162;370,312,-162;366,313,-162;383,307,-56;357,313,-105;378,291,-128;368,294,-143;397,273,-15;313,276,-68;438,248,-126;311,211,-197;458,299,-285;344,258,-350;465,309,-315;351,277,-380;461,315,-309;349,286,-369;455,313,-288;349,279,-348;377,158,4;324,159,-4;411,67,-60;288,73,0;440,11,63;274,17,148;440,8,72;278,10,161;449,-24,-8;260,-2,86
376,301,-177;380,309,-166;382,308,-166;383,308,-166;373,311,-180;369,312,-180;366,313,-180;382,308,-75;356,313,-136;377,292,-143;368,295,-160;395,274,-26;312,276,-104;433,252,-134;311,213,-251;455,312,-288;354,257,-389;454,333,-318;363,276,-422;451,337,-310;355,286,-408;451,330,-290;361,279,-386;378,157,5;324,158,-5;411,66,-47;289,74,4;439,13,76;274,21,168;440,10,83;278,14,181;450,-23,-1;260,1,90
386,305,-160;389,314,-146;391,314,-146;393,314,-146;381,314,-151;377,315,-151;374,316,-151;392,312,-51;365,315,-71;388,296,-123;379,297,-129;408,274,-5;325,280,-31;459,269,-124;308,216,-146;449,290,-288;344,259,-304;448,304,-318;355,277,-338;440,308,-308;344,288,-325;438,304,-288;347,279,-301;380,153,-4;329,158,3;418,66,-59;292,80,-33;452,9,76;277,20,126;455,6,86;283,13,140;459,-27,-7;262,0,60
390,310,-133;393,318,-116;396,318,-116;398,319,-116;385,318,-117;382,318,-117;379,318,-117;399,316,-30;372,315,-25;392,300,-100;383,301,-99;415,275,-11;337,279,12;465,272,-155;304,222,-111;433,275,-306;341,264,-282;429,274,-338;344,281,-322;423,278,-323;340,291,-309;421,278,-303;341,281,-281;384,154,-19;333,160,19;427,65,-99;293,83,-88;458,6,4;284,22,32;459,5,9;292,13,41;459,-28,-97;262,2,-43
391,310,-156;395,319,-139;397,319,-139;399,319,-139;387,319,-142;384,319,-143;380,319,-143;398,317,-46;372,317,-52;392,301,-121;384,301,-125;414,276,-18;337,279,-3;465,272,-167;302,224,-137;428,266,-317;337,265,-305;422,258,-353;337,281,-367;418,262,-339;339,289,-356;416,262,-316;341,281,-313;383,154,-22;333,159,22;426,67,-111;292,84,-68;457,6,1;285,22,71;460,4,7;293,13,81;458,-27,-100;262,0,-5
396,311,-152;400,319,-134;402,320,-134;404,320,-134;392,319,-137;389,319,-137;385,320,-137;403,317,-39;377,317,-50;398,302,-116;389,302,-119;421,276,-11;340,279,-8;471,269,-166;309,225,-133;435,265,-316;340,265,-304;429,261,-348;347,280,-347;424,267,-319;349,288,-334;424,264,-302;348,281,-305;388,155,-15;337,160,15;433,67,-98;297,85,-105;460,3,16;294,25,37;461,0,22;303,17,47;468,-32,-83;268,1,-42
401,311,-149;404,319,-131;406,319,-131;408,319,-131;398,320,-137;395,320,-137;391,321,-137;406,317,-33;382,318,-56;401,302,-111;394,303,-118;422,276,-3;339,279,-18;465,270,-142;316,225,-152;443,267,-309;354,264,-306;434,266,-346;363,278,-359;430,270,-332;365,288,-345;430,268,-307;364,281,-306;394,155,-12;341,159,12;436,66,-107;300,84,4;462,-4,-5;301,26,218;464,-19,0;310,18,237;476,-43,-98;270,4,175
403,311,-155;406,319,-139;408,319,-139;409,319,-139;400,320,-146;396,320,-146;393,321,-146;407,317,-45;382,319,-69;402,302,-119;395,304,-127;425,280,-10;342,280,-31;477,274,-142;316,225,-151;441,273,-303;357,263,-300;431,270,-336;369,277,-339;424,273,-330;371,288,-324;426,271,-302;369,281,-297;398,156,-10;345,159,10;436,69,-104;304,84,-14;464,-3,-11;303,29,178;464,-18,-6;312,19,195;475,-39,-102;276,4,112
397,312,-169;401,319,-156;403,319,-156;405,319,-156;394,321,-158;391,321,-158;387,322,-158;404,317,-63;378,321,-76;398,302,-132;390,304,-133;423,282,-10;342,282,-34;474,271,-140;317,225,-153;449,270,-301;357,264,-311;442,266,-335;369,278,-348;432,272,-325;368,288,-334;432,269,-300;367,281,-308;396,156,-10;345,159,10;436,70,-95;305,84,-9;461,-1,3;301,29,158;459,-16,8;310,20,173;469,-39,-87;279,5,97
394,310,-223;399,319,-209;401,319,-209;403,319,-209;391,319,-215;388,320,-215;384,321,-215;402,317,-110;374,320,-135;396,301,-184;387,302,-191;423,281,-51;338,282,-87;474,238,-171;316,224,-216;461,269,-346;353,266,-391;454,267,-380;363,282,-430;447,278,-364;367,292,-418;447,273,-343;365,287,-390;395,155,-3;342,158,3;436,70,-92;305,79,-32;458,-5,13;306,29,157;455,-16,17;314,20,174;467,-41,-70;285,4,111
394,310,-220;398,318,-206;400,318,-206;402,318,-206;390,318,-213;387,319,-213;383,320,-213;402,317,-109;373,320,-135;395,300,-181;386,301,-189;423,281,-51;338,282,-87;474,233,-166;316,223,-212;462,268,-340;350,267,-386;455,269,-374;363,284,-424;448,279,-358;365,293,-413;448,274,-337;364,288,-385;395,155,-1;342,157,1;436,70,-93;305,77,-31;456,-6,19;307,28,164;454,-16,24;315,19,182;466,-42,-63;287,4,121
393,308,-205;396,317,-190;398,317,-190;400,317,-190;389,317,-197;386,318,-197;382,318,-197;400,316,-97;372,319,-121;393,300,-167;385,300,-175;419,280,-44;336,282,-78;448,236,-154;315,220,-184;458,263,-330;342,262,-360;449,270,-366;345,276,-392;441,275,-356;347,286,-389;447,273,-331;348,281,-363;395,155,2;342,157,-2;433,78,-23;310,78,-17;452,15,139;309,27,158;448,8,151;316,19,177;465,-7,75;289,4,98
386,305,-249;391,313,-241;393,314,-241;396,314,-241;382,314,-243;379,314,-243;376,315,-243;399,314,-148;368,316,-154;390,297,-210;378,298,-212;419,279,-75;335,282,-89;436,213,-179;314,216,-188;436,252,-381;336,255,-372;433,268,-420;339,267,-408;439,273,-412;340,279,-402;443,269,-382;340,275,-374;396,155,2;342,156,-2;431,77,-30;310,78,-19;450,17,129;311,24,163;447,10,141;318,17,179;465,-5,61;290,4,102
373,301,-230;378,309,-223;381,309,-224;384,309,-224;370,309,-225;367,310,-225;364,311,-225;387,311,-135;359,313,-138;377,294,-192;367,296,-194;412,278,-64;328,281,-76;428,214,-175;312,213,-160;425,252,-350;332,251,-351;428,266,-386;337,263,-385;430,273,-378;336,274,-386;429,269,-351;336,270,-355;394,155,0;341,155,0;431,77,-47;309,78,25;452,16,72;310,23,207;449,8,76;318,15,223;464,-10,-17;290,3,152
362,299,-219;367,307,-211;370,307,-211;372,307,-211;359,308,-214;355,309,-214;352,309,-214;374,307,-123;345,311,-133;365,292,-182;355,293,-185;398,276,-61;314,276,-70;422,221,-166;310,210,-163;424,251,-349;331,252,-345;429,267,-385;337,264,-379;429,271,-367;334,275,-380;429,270,-343;334,271,-350;391,155,-7;338,154,7;429,74,-60;308,78,19;452,10,11;309,19,183;452,7,13;317,10,200;461,-25,-83;291,0,130
359,296,-220;365,304,-213;367,304,-214;370,304,-214;356,305,-216;353,306,-216;350,307,-216;371,305,-126;343,310,-136;362,290,-182;352,291,-185;397,275,-58;313,274,-71;421,218,-142;309,210,-166;424,250,-326;331,253,-348;426,263,-360;338,266,-381;426,271,-357;335,277,-380;422,267,-327;333,272,-351;389,155,-2;336,153,2;429,73,-66;308,75,23;453,10,10;310,18,200;452,-4,15;317,8,217;460,-34,-76;298,-1,151
351,294,-221;357,302,-215;360,302,-215;362,302,-215;348,303,-217;344,304,-217;341,305,-217;365,303,-127;334,307,-134;355,287,-183;345,288,-185;391,274,-58;305,271,-70;422,221,-149;309,209,-174;422,250,-338;330,254,-359;420,263,-373;337,268,-395;420,271,-369;332,277,-390;413,266,-340;334,273,-361;385,155,-3;333,151,3;427,71,-66;307,76,16;453,10,21;312,19,217;454,-4,26;319,12,236;461,-32,-63;297,-1,180
346,294,-215;352,301,-214;354,301,-214;357,301,-214;342,303,-215;339,304,-215;335,305,-215;359,302,-125;328,307,-132;349,286,-175;339,288,-178;385,275,-50;300,269,-64;417,223,-128;309,208,-168;416,250,-308;330,254,-348;415,262,-342;335,268,-382;413,270,-339;330,278,-379;408,265,-311;330,274,-351;383,156,-3;330,152,3;425,71,-79;307,76,29;451,8,-19;312,18,200;454,-10,-16;318,12,216;460,-34,-113;298,-2,151
343,294,-199;349,301,-194;352,301,-194;354,301,-194;341,303,-198;337,304,-198;334,305,-198;356,303,-101;327,307,-117;347,287,-158;336,288,-163;382,275,-29;298,270,-47;410,222,-105;309,208,-151;404,251,-279;328,255,-329;403,263,-311;333,268,-362;401,270,-307;330,279,-359;399,266,-281;329,274,-332;382,159,-3;330,153,3;423,73,-95;307,76,26;447,7,-52;311,19,224;447,-15,-51;317,14,241;456,-37,-153;298,0,182
342,295,-199;348,302,-194;351,302,-194;353,302,-194;339,304,-199;336,304,-199;333,305,-199;356,303,-102;326,307,-122;347,287,-161;335,289,-164;381,276,-32;297,271,-51;409,222,-114;309,209,-158;401,252,-292;328,257,-332;398,265,-325;333,273,-364;397,272,-319;330,283,-359;395,267,-294;329,278,-333;382,161,-2;330,156,2;418,80,-118;307,79,48;441,7,-85;311,22,247;438,-2,-86;317,16,264;447,-36,-194;298,1,200
300,281,-60;302,293,-45;303,293,-45;303,293,-45;298,294,-77;295,295,-77;292,296,-77;291,296,38;277,300,-102;296,273,-25;291,274,-66;292,254,83;224,253,-100;323,202,14;262,184,-105;315,231,-180;306,229,2;314,238,-216;324,239,1;311,245,-206;316,248,4;308,242,-184;307,244,9;313,123,31;261,113,-31;364,30,-24;244,17,-61;369,-38,194;267,-61,147;363,-49,213;273,-71,166;393,-64,140;258,-93,76
294,279,-43;295,290,-29;295,290,-29;296,290,-29;290,291,-64;287,292,-64;284,293,-65;284,292,54;270,296,-106;290,271,-8;285,272,-55;280,248,114;217,249,-128;313,188,70;264,181,-132;312,215,-107;309,230,-28;313,220,-134;327,241,-29;312,229,-128;320,248,-27;308,226,-112;310,243,-21;306,110,46;250,99,-46;369,22,-4;234,4,-50;374,-67,127;254,-92,105;368,-81,137;258,-105,118;400,-93,55;253,-126,24
292,279,-89;294,289,-73;295,289,-74;295,289,-74;289,290,-104;285,291,-104;282,293,-104;285,290,19;267,294,-112;289,270,-51;283,271,-90;289,245,76;217,248,-143;324,193,16;268,182,-173;319,228,-156;314,236,-101;318,234,-189;328,248,-110;315,238,-179;330,255,-105;311,239,-160;319,250,-94;310,107,43;253,93,-43;369,22,-13;236,5,-66;379,-60,128;258,-84,112;373,-73,145;261,-93,130;403,-86,77;263,-117,45
292,279,-85;294,288,-69;294,288,-69;295,288,-70;288,290,-101;285,291,-101;282,292,-101;286,288,22;267,294,-113;289,269,-46;282,271,-87;290,244,78;218,249,-141;321,185,29;267,183,-182;312,224,-129;316,234,-109;314,236,-159;342,247,-118;309,241,-150;334,254,-113;308,241,-132;324,249,-102;311,105,42;252,91,-41;371,22,-58;236,-8,-59;383,-75,109;254,-89,133;377,-89,112;258,-99,151;407,-105,34;259,-124,67
296,280,-108;298,290,-95;299,290,-95;300,290,-95;292,292,-119;288,293,-119;284,294,-119;290,290,-5;269,295,-114;295,271,-71;286,273,-102;307,249,50;223,249,-123;343,191,-11;264,183,-205;320,229,-183;307,236,-202;308,238,-212;315,250,-214;302,243,-197;313,255,-182;303,244,-182;304,252,-189;319,106,35;256,95,-35;371,22,-52;236,3,-46;370,-53,158;253,-66,143;363,-76,180;259,-73,171;390,-87,135;257,-101,118
294,281,-213;300,292,-201;302,291,-201;305,291,-201;292,293,-215;288,294,-215;284,295,-215;301,291,-86;273,296,-150;297,272,-164;287,273,-182;318,253,-7;227,251,-120;354,217,-72;252,185,-248;337,223,-262;295,244,-385;325,219,-300;309,263,-423;328,232,-299;303,274,-410;329,231,-266;301,267,-381;323,108,24;258,101,-24;375,19,-78;230,8,-41;381,-56,113;243,-79,172;376,-70,129;248,-88,194;403,-90,52;245,-116,114
303,284,-235;308,295,-221;310,295,-221;311,296,-221;300,294,-235;297,295,-235;293,295,-235;306,294,-105;281,296,-166;305,275,-186;295,275,-204;329,256,-53;235,252,-133;358,234,-192;240,188,-324;397,238,-442;278,246,-519;415,230,-497;288,268,-570;410,234,-506;286,279,-555;399,232,-454;286,272,-517;325,107,15;260,103,-14;376,23,-39;228,16,63;389,-51,176;229,-68,317;384,-67,194;233,-75,341;409,-81,108;230,-105,256
324,287,-242;325,299,-228;326,299,-228;327,300,-228;318,298,-246;314,298,-246;310,299,-246;321,299,-117;296,299,-196;323,278,-196;315,278,-219;345,261,-38;240,252,-167;389,253,-6;239,190,-348;455,250,-72;283,248,-534;473,249,-86;294,267,-577;472,248,-110;292,279,-562;465,245,-86;291,272,-531;328,108,17;262,106,-16;376,25,-15;226,19,26;391,-37,224;228,-46,280;386,-47,245;231,-50,305;411,-68,172;228,-84,222
336,288,-216;338,299,-202;339,299,-202;340,300,-202;331,299,-223;326,299,-223;322,300,-223;335,299,-93;308,300,-187;333,278,-170;325,279,-197;351,265,-28;244,256,-159;400,256,80;243,191,-334;468,256,63;279,245,-521;484,257,61;290,264,-563;485,256,35;288,277,-552;479,254,50;283,269,-521;329,109,19;264,108,-19;378,26,-29;231,21,13;393,-38,189;227,-40,259;389,-47,208;230,-44,285;412,-70,132;225,-77,205
340,289,-197;343,299,-181;344,300,-182;345,300,-182;335,299,-207;331,300,-207;327,300,-207;337,299,-81;312,301,-171;337,279,-154;329,279,-190;353,267,-15;251,258,-155;412,252,42;248,192,-339;482,255,-17;281,245,-523;496,258,-29;291,261,-566;495,259,-53;297,276,-549;490,256,-31;297,268,-520;330,109,22;266,109,-21;379,27,-28;229,22,-36;379,16,285;229,-35,232;381,-8,317;232,-39,275;401,-36,293;227,-71,181
337,287,-257;341,296,-243;343,297,-243;345,297,-243;333,297,-255;329,298,-255;325,299,-256;341,297,-129;312,301,-183;335,278,-210;326,279,-226;360,266,-50;255,263,-169;421,253,-51;251,193,-369;483,254,-147;289,245,-574;498,258,-166;310,258,-619;496,259,-199;317,273,-601;491,256,-166;316,265,-571;331,109,22;267,110,-21;379,23,-92;230,20,-112;377,5,234;235,-30,165;372,4,268;239,-30,197;386,-28,257;233,-66,156
338,287,-235;344,297,-220;346,297,-220;348,297,-220;335,298,-232;331,299,-232;327,300,-232;346,297,-108;315,303,-165;338,278,-189;329,279,-204;361,266,-55;261,265,-156;419,253,-200;253,194,-351;458,258,-438;299,247,-541;476,261,-488;316,259,-588;471,263,-492;321,273,-569;461,260,-448;320,266,-537;333,109,21;267,110,-21;380,24,-79;233,17,-75;364,16,259;238,13,190;357,21,296;243,-15,228;368,-13,302;241,-51,206
338,286,-238;343,296,-224;345,296,-224;347,296,-224;335,298,-235;330,299,-235;326,300,-235;346,296,-110;315,303,-163;338,277,-191;329,279,-205;362,266,-46;261,265,-143;434,253,-170;251,192,-335;450,258,-392;299,247,-485;460,263,-438;314,259,-528;456,268,-431;318,274,-511;448,263,-397;314,266,-482;336,108,21;269,109,-20;386,21,-72;234,10,-69;372,7,242;240,-28,207;366,5,274;243,-36,238;382,-30,248;241,-72,189
337,287,-239;342,297,-224;344,297,-224;346,297,-225;333,299,-236;329,300,-236;325,302,-236;344,297,-112;313,304,-164;337,278,-193;327,279,-208;363,265,-51;260,265,-132;438,243,-169;246,191,-281;416,258,-365;293,246,-441;404,262,-405;308,261,-481;382,268,-384;307,276,-461;384,262,-361;305,267,-436;339,106,19;270,108,-19;388,20,-72;235,9,-58;376,2,230;241,-35,201;369,-5,261;246,-40,230;388,-31,236;241,-74,183
334,287,-233;340,297,-218;342,297,-218;345,297,-218;329,300,-235;325,301,-235;320,303,-235;343,297,-109;309,305,-152;335,278,-188;324,279,-203;361,265,-43;259,264,-110;427,219,-154;244,189,-258;409,255,-357;292,246,-431;402,261,-397;306,264,-470;388,267,-379;306,277,-451;388,262,-355;303,269,-426;340,106,16;270,107,-16;389,19,-70;235,8,-54;385,1,241;241,-43,199;379,1,274;248,-47,226;402,-31,261;238,-81,180
329,293,-185;334,302,-170;337,301,-171;340,301,-171;324,304,-185;319,305,-185;313,306,-185;339,299,-65;299,306,-127;331,282,-142;319,284,-160;360,264,-19;254,262,-91;404,210,-132;243,188,-243;400,248,-335;285,244,-423;395,261,-377;297,264,-462;385,268,-364;293,277,-447;379,261,-336;294,269,-420;340,106,15;270,105,-15;387,18,-70;239,4,-23;384,-19,233;247,-62,232;378,-20,262;252,-68,259;402,-53,242;241,-101,196
328,295,-193;333,304,-179;335,303,-179;338,303,-179;323,306,-193;318,307,-193;313,308,-193;337,300,-72;298,307,-135;330,284,-149;319,285,-168;360,263,-21;252,261,-101;400,206,-138;242,188,-249;399,245,-356;282,243,-425;394,255,-398;295,264,-463;385,268,-384;292,277,-448;383,261,-356;292,269,-422;340,105,15;271,104,-15;386,19,-69;241,6,-47;378,-6,242;251,-54,221;372,-4,274;256,-63,252;391,-39,257;247,-92,189
317,295,-201;322,304,-189;325,303,-189;328,303,-189;311,306,-200;306,307,-200;301,308,-200;327,301,-80;287,307,-139;320,284,-154;304,285,-168;352,264,-25;245,260,-95;369,192,-140;240,185,-236;361,235,-362;276,240,-424;361,248,-406;288,260,-463;358,261,-396;283,274,-449;354,255,-364;283,264,-422;339,106,13;270,104,-13;385,19,-69;241,8,-11;376,-23,234;251,-60,226;370,-23,265;256,-68,251;391,-60,234;245,-99,187
309,295,-200;314,304,-187;316,303,-187;319,303,-187;303,306,-198;298,307,-198;294,308,-198;318,301,-79;282,307,-128;313,284,-154;297,285,-168;341,269,-29;241,260,-87;367,220,-97;237,185,-222;361,221,-265;278,240,-399;363,211,-305;288,261,-440;356,224,-310;283,275,-431;349,224,-272;284,265,-399;336,110,12;268,105,-11;379,21,-68;242,11,-12;361,-5,275;250,-39,226;353,0,312;256,-42,254;371,-40,299;247,-78,206
302,295,-152;308,304,-139;311,304,-139;313,303,-139;297,306,-148;293,307,-148;289,308,-148;312,301,-37;278,308,-79;306,284,-110;289,286,-123;332,268,0;237,260,-55;366,226,-102;235,184,-190;339,254,-264;278,240,-330;332,260,-300;287,261,-365;326,265,-282;281,275,-350;324,260,-262;282,265,-327;333,110,10;266,105,-9;378,21,-70;242,11,-17;357,-18,242;251,-55,223;349,-17,274;257,-61,248;369,-59,235;247,-96,186
297,335,-140;300,344,-125;302,344,-126;305,344,-126;291,343,-129;288,343,-129;284,342,-129;307,341,-46;277,338,-57;301,327,-110;289,326,-113;329,305,-17;252,294,-8;353,261,-35;243,247,7;347,233,-115;260,214,-43;345,219,-141;259,200,-58;340,222,-151;261,202,-75;338,225,-122;263,207,-52;330,194,-7;280,189,7;345,124,-114;292,126,-89;352,44,-40;311,54,-2;350,33,-38;320,43,1;362,19,-133;297,25,-76
292,337,-216;296,345,-204;299,345,-204;301,345,-204;288,344,-204;285,344,-204;282,344,-204;306,342,-119;277,341,-123;297,329,-185;287,329,-186;329,304,-74;256,298,-44;353,261,-62;245,247,-83;352,226,-159;250,203,-196;351,209,-188;250,189,-225;346,212,-205;252,191,-240;344,216,-169;254,195,-205;329,196,-3;282,189,3;344,121,-22;296,124,-13;347,50,71;314,60,110;346,37,76;323,50,121;361,24,-11;298,32,46
293,338,-274;296,345,-262;298,345,-262;301,345,-262;288,345,-263;285,345,-263;282,344,-263;305,343,-170;276,341,-178;297,329,-238;287,329,-240;330,306,-114;255,296,-97;357,258,-87;245,247,-96;357,212,-193;244,202,-208;356,196,-224;242,188,-238;350,200,-237;244,192,-260;348,205,-203;246,196,-220;329,195,-2;283,190,2;343,122,-3;297,123,-23;347,50,113;316,65,124;346,39,126;322,56,135;358,21,38;300,35,52
292,337,-289;296,345,-277;298,345,-277;301,345,-277;288,344,-278;284,344,-278;281,344,-278;305,344,-185;276,341,-190;297,329,-252;287,328,-254;331,306,-123;256,297,-106;358,259,-99;245,250,-92;358,211,-203;241,206,-205;357,195,-232;238,193,-235;351,199,-240;241,197,-259;349,205,-212;243,202,-218;330,197,-2;284,192,2;343,122,-11;296,123,-17;348,49,102;317,65,140;346,40,108;324,54,139;358,21,8;303,36,73
292,337,-300;296,345,-288;299,345,-288;302,345,-288;288,344,-289;285,344,-289;281,344,-289;306,343,-194;276,341,-198;298,329,-262;288,328,-264;331,305,-136;255,295,-109;360,261,-126;242,252,-99;365,212,-232;237,207,-215;364,197,-263;235,194,-243;359,200,-288;237,198,-268;359,205,-244;239,203,-228;330,196,-9;285,191,9;343,120,-28;298,119,56;349,47,60;316,64,252;346,38,63;324,54,266;356,20,-40;301,36,197
293,337,-319;296,344,-306;299,345,-306;302,345,-306;288,344,-308;285,344,-308;282,344,-308;307,343,-209;277,341,-216;298,328,-281;288,328,-283;332,303,-147;255,295,-130;360,262,-145;239,252,-113;370,213,-260;234,207,-221;371,200,-291;233,193,-249;367,201,-315;235,197,-274;366,205,-272;238,202,-234;330,196,-9;285,191,9;343,119,-57;298,118,103;349,44,16;316,64,338;346,34,17;323,56,356;357,15,-96;301,37,285
292,337,-313;296,344,-300;299,345,-301;302,345,-301;288,344,-301;284,344,-301;281,344,-301;307,343,-204;277,341,-206;298,329,-276;287,329,-276;332,302,-145;256,295,-120;361,262,-145;239,254,-99;372,213,-261;233,208,-199;373,201,-291;232,195,-225;370,201,-314;234,199,-252;368,205,-272;236,204,-213;330,197,-11;285,193,11;343,119,-78;297,118,105;349,45,-6;315,65,350;346,35,-5;322,58,370;356,14,-121;300,38,300
293,336,-322;297,344,-310;300,344,-310;302,344,-310;289,344,-312;285,344,-312;282,343,-312;307,342,-213;277,340,-222;298,328,-283;288,328,-286;333,302,-145;256,295,-139;360,263,-136;239,254,-114;373,215,-251;235,208,-216;377,202,-277;233,194,-241;373,201,-299;235,198,-265;371,206,-259;237,203,-228;330,196,-10;285,193,10;344,117,-89;297,118,107;349,42,-27;315,66,369;347,32,-27;322,60,390;355,12,-143;301,38,327
294,335,-310;298,343,-300;301,343,-300;304,343,-300;290,343,-302;286,343,-303;283,343,-302;309,342,-208;278,340,-217;299,327,-272;290,327,-275;335,303,-136;258,296,-133;359,263,-102;241,253,-96;374,215,-174;236,206,-162;378,201,-193;234,192,-180;375,202,-218;235,195,-208;373,206,-185;238,200,-175;330,196,-10;286,193,10;345,117,-84;297,118,114;350,40,-40;315,66,366;347,31,-41;322,61,388;354,11,-154;300,38,331
298,335,-332;302,343,-320;305,343,-320;307,343,-320;294,343,-323;291,342,-323;288,342,-323;311,341,-221;282,340,-234;302,327,-291;294,327,-295;336,303,-148;259,296,-148;358,261,-134;242,252,-137;374,214,-230;238,205,-230;376,199,-255;236,191,-254;373,200,-280;237,195,-286;371,205,-242;240,200,-245;330,196,-13;286,192,13;345,115,-97;297,117,135;351,39,-57;314,66,404;348,29,-60;321,61,427;355,11,-180;300,39,365
302,335,-336;305,342,-325;308,342,-325;311,342,-325;297,342,-328;295,342,-328;291,342,-328;314,341,-222;285,340,-234;305,326,-295;297,326,-299;338,302,-148;261,295,-147;357,261,-144;246,252,-140;372,214,-258;239,206,-244;375,201,-287;238,192,-270;372,202,-309;239,197,-300;370,207,-270;241,202,-258;331,195,-15;287,192,15;345,115,-114;296,118,142;353,35,-79;314,68,423;350,26,-83;322,62,446;356,10,-210;301,39,381
304,335,-335;308,342,-323;311,342,-323;314,342,-323;300,342,-325;297,342,-325;294,342,-325;317,340,-223;288,339,-230;307,327,-294;299,326,-296;342,302,-146;262,296,-140;357,260,-137;248,253,-128;371,210,-231;239,206,-231;373,196,-256;239,194,-257;370,199,-280;240,198,-294;368,203,-242;242,202,-247;332,193,-16;287,190,16;346,114,-118;297,116,151;354,33,-69;314,69,459;351,24,-71;322,64,486;355,10,-199;302,39,422
307,335,-334;311,343,-322;314,343,-322;317,343,-322;302,342,-325;299,342,-325;296,342,-325;320,340,-218;290,339,-231;310,327,-292;301,326,-296;345,301,-138;263,295,-148;358,258,-113;251,252,-139;370,209,-208;244,206,-245;369,195,-232;244,195,-273;366,198,-255;245,199,-299;365,203,-219;247,203,-258;334,192,-12;288,189,12;346,114,-102;297,117,130;356,31,-29;314,70,444;352,21,-28;321,66,472;355,9,-146;302,39,408
309,335,-326;314,343,-314;317,343,-314;319,343,-314;305,343,-317;302,343,-317;298,342,-317;323,340,-213;292,340,-225;313,327,-285;303,326,-289;348,299,-136;264,295,-143;359,251,-112;253,251,-125;367,208,-206;251,206,-209;365,194,-230;251,194,-234;361,198,-251;252,199,-259;361,203,-216;253,204,-221;336,191,-12;288,188,13;346,113,-115;297,118,160;357,28,-69;314,69,462;354,18,-71;321,64,488;356,6,-201;301,38,423
313,335,-324;317,343,-312;320,343,-312;323,343,-312;308,343,-315;305,343,-315;301,343,-315;327,340,-211;295,340,-223;316,327,-283;306,327,-287;351,298,-135;266,296,-142;362,246,-118;255,251,-131;366,207,-221;254,206,-226;362,193,-248;256,194,-253;359,197,-267;255,200,-274;359,203,-230;257,204,-236;337,190,-12;289,188,12;347,113,-133;297,117,146;357,25,-71;314,68,449;354,15,-71;321,63,476;356,2,-197;301,38,411
315,335,-249;320,343,-235;323,343,-235;326,343,-235;311,343,-238;307,343,-238;304,343,-238;330,340,-137;297,340,-150;319,327,-211;309,327,-214;354,296,-78;268,295,-94;365,244,-110;257,251,-141;367,216,-262;256,211,-308;363,202,-298;257,201,-347;360,211,-319;258,208,-363;359,215,-274;260,211,-318;338,187,-6;291,186,7;349,111,-141;298,117,135;358,22,-85;314,68,416;354,12,-85;322,62,442;357,-3,-201;302,38,385
318,335,-237;322,343,-223;326,343,-223;329,343,-223;313,343,-226;310,343,-226;307,343,-226;332,340,-123;300,340,-136;322,327,-199;312,327,-202;356,295,-64;270,295,-79;369,241,-110;259,248,-138;367,225,-286;262,220,-309;364,214,-324;259,211,-348;363,224,-342;260,218,-362;361,226,-297;262,220,-318;339,183,-5;294,184,5;352,108,-139;299,116,112;358,21,-65;315,68,405;354,11,-64;322,63,431;358,-3,-178;301,37,375
318,336,-252;323,343,-238;326,343,-238;329,343,-238;314,343,-240;311,343,-240;307,343,-240;333,340,-137;301,340,-145;322,327,-212;312,327,-215;357,294,-71;271,295,-88;371,239,-111;260,247,-148;365,223,-281;265,222,-327;362,214,-317;263,213,-369;361,222,-334;264,219,-380;360,226,-291;265,221,-336;340,182,-4;294,183,5;353,107,-142;299,114,115;358,20,-61;315,67,439;354,11,-59;323,62,468;358,-5,-177;301,36,410
319,336,-259;323,343,-245;327,343,-245;330,342,-245;315,344,-248;311,344,-248;308,344,-248;333,340,-143;301,340,-155;323,327,-219;313,327,-223;358,293,-82;271,295,-92;371,241,-142;260,247,-152;367,226,-346;263,225,-342;367,219,-391;261,217,-385;365,227,-409;262,223,-400;363,230,-358;264,226,-352;341,182,-5;294,183,5;353,106,-132;299,114,114;358,20,-40;315,67,421;354,12,-38;323,62,448;358,-6,-156;301,36,388
319,336,-248;323,343,-234;326,343,-234;329,342,-234;315,343,-236;312,344,-236;308,343,-236;333,340,-136;302,340,-145;323,327,-210;313,327,-213;358,293,-76;272,295,-82;370,238,-145;260,248,-147;368,233,-348;261,227,-331;368,231,-391;260,220,-372;366,240,-405;260,227,-387;363,242,-359;262,229,-341;341,183,-4;294,183,4;354,106,-126;299,115,90;358,20,-49;315,67,367;354,12,-50;323,62,390;358,-6,-167;301,36,332
318,336,-238;323,343,-225;326,343,-225;329,342,-225;315,343,-227;311,344,-227;308,343,-227;333,339,-129;301,340,-137;322,327,-201;312,327,-204;358,292,-70;272,295,-75;370,237,-137;260,248,-137;368,232,-330;260,226,-320;369,230,-371;259,220,-360;366,240,-386;260,226,-374;364,240,-341;262,229,-330;341,183,-4;294,183,4;354,106,-102;299,115,61;358,20,-33;315,66,328;354,12,-34;323,62,350;358,-6,-148;301,36,291
318,336,-237;323,343,-224;326,343,-224;329,342,-224;315,343,-226;311,343,-226;308,343,-226;333,339,-129;301,340,-139;323,327,-200;312,327,-203;358,292,-71;272,295,-74;370,237,-129;260,246,-126;368,230,-313;260,226,-309;370,227,-353;259,219,-348;368,236,-369;259,226,-363;365,238,-324;261,229,-319;341,183,-4;294,183,4;354,105,-87;299,115,52;358,21,-17;315,66,309;354,12,-16;323,61,330;358,-5,-127;301,36,274
318,336,-247;323,343,-233;326,343,-233;329,342,-233;314,343,-235;311,343,-235;307,343,-235;333,339,-137;301,340,-147;323,327,-209;312,327,-212;358,291,-77;272,295,-81;370,236,-129;260,244,-128;369,229,-315;259,225,-310;371,225,-356;258,218,-349;368,234,-372;259,225,-364;366,236,-326;262,228,-320;341,183,-4;294,183,4;354,104,-89;298,115,61;358,20,-14;315,66,329;354,12,-13;323,61,351;358,-5,-124;301,36,295
318,336,-247;323,343,-234;326,343,-234;329,342,-234;314,343,-237;311,343,-237;307,343,-237;333,339,-138;301,340,-149;323,327,-211;312,327,-213;358,291,-78;272,295,-84;370,236,-140;260,242,-137;369,229,-340;259,224,-326;371,226,-382;258,218,-366;369,236,-397;259,225,-380;366,237,-351;262,227,-335;341,183,-4;294,183,4;354,104,-80;298,115,51;358,21,2;315,66,320;354,12,4;324,61,342;358,-5,-107;300,36,284
318,336,-277;323,343,-263;326,343,-263;329,342,-263;314,343,-265;311,343,-265;307,343,-265;333,339,-163;301,340,-173;323,327,-238;312,327,-241;358,291,-95;272,295,-103;370,234,-163;260,241,-161;369,230,-367;259,224,-353;371,229,-408;258,218,-393;369,245,-421;259,226,-407;366,243,-376;261,228,-362;341,183,-4;295,183,4;354,104,-87;298,115,53;358,21,-3;315,66,332;354,13,-1;324,62,355;358,-5,-117;300,35,295
318,336,-269;323,343,-255;326,343,-255;329,342,-255;314,343,-257;311,343,-257;307,343,-257;333,339,-158;301,340,-166;323,327,-233;312,327,-235;358,291,-95;272,295,-100;370,234,-154;260,241,-153;370,229,-352;259,224,-338;372,228,-393;258,218,-379;369,241,-408;259,226,-393;366,240,-362;261,229,-348;341,183,-4;295,183,4;354,104,-91;298,116,62;358,21,-4;315,66,338;354,13,-2;324,61,361;358,-4,-118;300,35,302
318,336,-237;323,343,-224;326,343,-224;329,342,-224;314,343,-225;311,344,-225;307,344,-225;333,339,-132;301,340,-139;323,327,-202;312,327,-204;358,291,-80;272,295,-77;370,235,-135;260,241,-127;371,229,-331;259,224,-314;373,228,-374;257,218,-355;371,238,-392;258,226,-371;367,239,-343;260,228,-326;342,183,-4;295,183,4;354,104,-86;298,116,57;358,21,-8;315,67,315;354,13,-7;324,62,336;358,-4,-118;300,35,282
318,336,-232;323,343,-218;326,343,-218;329,342,-218;314,343,-219;310,344,-219;307,344,-219;333,339,-126;301,340,-132;323,327,-197;312,327,-198;359,291,-74;272,295,-70;370,235,-126;260,241,-120;372,229,-318;258,225,-308;374,228,-359;256,219,-348;371,236,-377;257,226,-364;368,239,-329;260,228,-319;342,183,-4;295,183,4;354,104,-92;298,116,38;358,21,-12;315,67,288;354,13,-10;324,62,308;358,-4,-122;300,35,254
318,336,-245;323,343,-230;326,343,-230;329,342,-230;314,344,-230;310,344,-230;307,344,-230;333,339,-135;301,340,-135;323,327,-209;312,327,-209;359,291,-78;272,295,-71;370,233,-143;260,241,-135;372,229,-341;258,225,-329;374,228,-382;256,219,-368;371,237,-396;257,226,-383;368,239,-351;259,229,-339;342,183,-4;295,183,4;354,104,-120;298,116,31;358,21,-36;315,67,293;354,13,-34;324,62,315;358,-4,-150;300,35,256
318,336,-271;323,343,-256;326,343,-256;329,342,-256;314,344,-257;310,344,-257;307,344,-257;333,339,-157;301,340,-158;323,327,-233;312,328,-234;359,291,-91;272,295,-92;371,230,-160;260,241,-154;372,230,-359;258,225,-348;374,229,-400;255,219,-388;371,244,-412;256,226,-401;368,242,-368;259,229,-358;342,183,-3;295,183,3;354,105,-137;298,116,33;358,21,-51;315,68,305;354,13,-49;324,62,327;358,-4,-170;300,35,265
318,336,-282;323,343,-268;326,343,-268;329,342,-268;314,344,-269;310,344,-269;307,344,-269;333,339,-168;301,340,-171;323,327,-244;312,328,-245;359,291,-99;272,295,-103;371,229,-166;260,240,-163;372,230,-366;258,225,-357;374,229,-407;255,220,-397;371,245,-419;256,226,-411;368,243,-375;259,229,-367;342,183,-3;295,183,3;354,105,-135;298,117,34;358,21,-48;315,68,307;354,13,-46;324,62,329;358,-4,-167;300,35,265
318,336,-287;323,343,-272;326,343,-272;329,342,-272;314,344,-273;310,344,-273;307,344,-273;333,339,-170;301,340,-175;323,327,-248;312,328,-249;359,290,-101;273,295,-106;371,227,-171;260,240,-168;371,232,-373;258,225,-363;374,231,-415;255,220,-403;371,247,-426;256,227,-416;368,245,-382;259,229,-372;342,183,-3;295,183,3;354,105,-144;298,117,38;358,21,-58;315,68,310;354,13,-56;324,62,332;358,-4,-181;300,35,271
318,336,-288;323,343,-273;326,343,-273;329,343,-273;314,344,-275;310,344,-275;307,344,-275;333,339,-171;301,340,-177;323,327,-249;312,328,-251;359,290,-102;273,294,-108;370,227,-174;260,240,-170;371,234,-378;258,226,-365;373,235,-420;255,220,-405;370,249,-430;256,227,-418;367,247,-386;259,229,-374;342,183,-3;295,183,3;354,105,-146;298,117,39;358,21,-60;315,68,313;354,13,-58;324,62,337;358,-4,-183;300,35,274
318,336,-283;323,344,-268;326,343,-268;329,343,-269;314,344,-270;310,344,-270;307,344,-270;333,339,-168;301,340,-176;323,327,-244;312,328,-246;359,290,-101;273,294,-107;370,228,-167;260,240,-164;371,234,-368;257,226,-355;373,234,-410;255,220,-395;370,248,-422;256,227,-409;367,246,-377;259,229,-365;342,183,-3;295,183,3;354,105,-137;298,117,37;358,21,-52;315,68,311;354,13,-51;324,62,334;358,-3,-172;300,35,270
318,336,-281;322,344,-266;325,343,-266;328,343,-266;314,344,-267;310,344,-267;307,344,-267;333,339,-165;301,340,-172;323,327,-243;312,328,-244;359,290,-99;272,294,-103;370,228,-164;260,240,-162;371,234,-365;257,226,-351;373,233,-406;255,220,-391;369,247,-418;256,227,-405;367,246,-374;259,229,-361;342,183,-3;295,183,3;354,105,-133;298,117,33;358,21,-50;315,67,305;354,13,-48;324,62,327;358,-2,-168;300,35,263
318,336,-280;322,344,-265;325,343,-265;328,343,-265;314,344,-267;310,345,-267;307,345,-267;333,339,-165;301,340,-171;323,327,-241;312,328,-243;359,290,-99;272,294,-101;370,228,-162;260,240,-160;371,234,-364;257,226,-350;373,233,-406;255,220,-390;369,247,-418;256,227,-404;367,245,-374;259,229,-360;342,183,-3;295,183,3;354,105,-130;298,117,32;357,21,-43;315,67,304;354,13,-41;324,62,326;358,-2,-162;300,35,262
318,337,-279;322,344,-264;325,343,-264;328,343,-264;314,345,-265;310,345,-265;307,345,-265;333,339,-163;301,340,-169;323,328,-240;312,328,-242;359,290,-98;272,294,-100;370,228,-162;260,240,-159;371,234,-364;257,226,-350;373,232,-406;255,220,-390;369,247,-419;256,227,-404;367,245,-374;258,229,-360;342,183,-3;295,183,3;354,105,-129;298,117,32;357,21,-43;315,67,304;354,13,-41;324,62,327;358,-2,-162;300,35,263
318,337,-277;322,344,-262;325,343,-262;328,343,-262;314,345,-264;310,345,-264;307,345,-264;333,339,-162;301,340,-168;323,328,-239;312,328,-241;359,290,-97;272,294,-99;370,229,-163;260,240,-159;371,235,-367;257,226,-353;373,232,-409;255,220,-393;369,247,-421;256,227,-407;367,245,-376;258,230,-362;342,183,-3;295,184,3;355,105,-132;298,117,33;357,21,-49;315,67,308;354,13,-47;324,61,330;359,-2,-168;300,35,264
318,337,-276;322,344,-262;325,343,-262;328,343,-262;314,345,-263;310,345,-263;307,345,-263;333,339,-161;301,340,-167;323,328,-238;312,328,-240;359,290,-97;272,294,-99;370,229,-165;260,240,-160;371,235,-369;257,226,-354;373,232,-411;255,220,-395;369,247,-423;256,227,-409;367,245,-378;258,230,-364;341,183,-3;295,184,3;355,105,-135;298,117,36;357,20,-52;315,67,312;354,13,-50;324,61,335;359,-2,-172;299,35,269
318,337,-276;322,344,-261;325,343,-261;328,343,-261;314,345,-263;310,345,-263;307,345,-263;333,339,-161;301,340,-167;323,328,-238;312,328,-240;359,290,-97;272,294,-99;370,229,-164;260,240,-159;370,235,-368;257,226,-353;373,232,-410;255,220,-394;369,247,-422;256,227,-408;367,245,-377;258,230,-363;341,183,-3;295,184,3;355,105,-136;298,117,36;357,20,-53;315,67,312;354,13,-52;324,61,335;359,-2,-174;299,35,269
318,337,-275;322,344,-261;325,343,-261;328,343,-261;314,345,-262;310,345,-262;307,345,-262;333,339,-161;301,340,-167;323,328,-237;312,328,-239;359,290,-96;272,294,-99;370,229,-164;260,240,-159;370,235,-367;257,226,-353;373,232,-409;255,220,-394;369,247,-422;256,227,-407;367,245,-377;258,230,-363;341,183,-3;295,184,3;355,105,-138;298,117,38;357,20,-56;315,67,314;354,13,-54;324,61,337;359,-2,-176;299,35,271
318,337,-275;322,344,-261;325,343,-261;328,343,-261;314,345,-262;310,345,-262;307,345,-262;333,339,-161;301,340,-167;323,328,-237;312,328,-239;359,290,-96;272,294,-99;370,229,-164;260,240,-158;370,235,-367;257,226,-353;373,232,-409;255,220,-393;369,247,-421;256,227,-407;367,245,-376;258,230,-362;341,183,-3;295,184,3;354,105,-139;298,117,38;357,20,-58;315,67,314;354,13,-57;324,61,337;359,-2,-179;299,35,271
318,337,-274;322,344,-259;325,343,-259;328,343,-259;314,345,-261;310,345,-261;307,345,-261;333,339,-159;301,340,-166;323,328,-236;312,328,-238;359,290,-96;272,294,-98;370,229,-163;259,240,-157;370,235,-366;257,226,-351;373,232,-408;255,220,-391;369,247,-420;256,227,-405;367,245,-375;258,230,-361;341,183,-3;295,184,3;354,105,-139;298,117,37;357,20,-57;315,67,311;354,13,-55;324,61,333;359,-2,-177;299,35,268
318,337,-274;322,344,-259;325,343,-259;328,343,-259;314,345,-261;310,345,-261;307,345,-261;333,339,-159;301,340,-165;323,328,-236;312,328,-238;359,290,-95;272,294,-98;370,229,-163;259,240,-157;370,235,-366;257,226,-350;373,232,-408;255,220,-390;369,247,-420;256,227,-404;367,245,-375;258,230,-360;341,183,-3;295,184,3;354,105,-139;298,117,36;357,20,-56;315,67,309;354,13,-55;324,61,332;358,-2,-176;299,35,267
318,337,-273;322,344,-259;325,343,-259;328,343,-259;314,345,-260;310,345,-260;307,345,-260;333,339,-159;301,340,-165;323,328,-235;312,328,-237;359,290,-95;272,294,-97;370,229,-163;259,240,-156;370,235,-366;257,226,-350;372,232,-408;255,220,-390;369,247,-419;255,227,-403;366,245,-375;258,230,-359;341,183,-3;295,184,3;354,105,-139;298,117,35;357,20,-57;315,67,308;354,13,-55;324,61,330;358,-2,-177;299,35,266
318,337,-273;322,344,-258;325,344,-258;328,343,-258;314,345,-260;310,345,-260;307,345,-260;333,339,-158;301,340,-165;323,328,-235;312,329,-237;359,290,-95;272,294,-97;370,229,-162;259,240,-156;370,235,-365;257,226,-349;372,232,-406;255,220,-388;369,247,-418;255,227,-402;366,245,-373;258,230,-358;341,183,-3;295,184,3;354,105,-140;298,117,35;357,20,-59;315,67,307;354,13,-57;324,61,330;358,-2,-179;299,35,265
318,337,-271;322,344,-257;325,344,-257;328,343,-257;314,345,-258;310,345,-258;307,345,-258;333,339,-157;301,340,-163;323,328,-234;312,329,-236;359,291,-94;272,294,-96;370,229,-161;259,240,-155;370,235,-362;257,226,-347;372,232,-404;255,220,-386;369,247,-415;255,227,-400;366,245,-371;258,230,-356;341,183,-3;295,184,3;354,105,-140;298,117,31;357,20,-58;315,67,301;354,13,-56;324,61,324;358,-2,-178;299,35,260
318,337,-271;322,344,-256;325,344,-256;328,343,-257;314,345,-258;310,345,-258;307,345,-258;333,339,-157;301,340,-163;323,328,-233;312,329,-235;359,291,-94;272,294,-96;370,229,-161;259,240,-155;370,235,-362;257,226,-346;372,232,-404;255,220,-386;369,247,-415;255,227,-400;366,245,-371;258,230,-356;341,183,-3;295,184,3;354,105,-140;298,117,29;357,20,-58;315,67,300;354,13,-56;324,61,323;358,-2,-178;299,35,259
318,337,-271;322,344,-256;325,344,-256;328,343,-256;314,345,-258;310,345,-258;307,345,-258;333,339,-157;301,340,-163;323,328,-233;312,329,-235;359,291,-93;272,294,-96;370,229,-161;259,240,-155;370,235,-362;257,226,-346;372,232,-404;255,220,-386;369,247,-415;255,227,-400;366,245,-371;258,230,-356;341,183,-3;295,184,3;354,105,-141;298,117,27;357,20,-58;315,67,299;354,13,-56;324,61,321;358,-2,-178;299,35,257
318,337,-269;322,344,-255;325,344,-255;328,343,-255;314,345,-256;310,345,-256;307,345,-256;333,339,-155;301,340,-161;323,328,-232;312,329,-234;359,291,-92;272,294,-95;370,229,-160;259,241,-154;370,235,-362;257,226,-345;372,232,-403;255,220,-385;369,246,-415;255,227,-399;366,245,-371;258,230,-355;341,183,-3;295,184,3;354,105,-142;298,117,27;357,21,-59;315,67,298;354,13,-57;324,61,320;358,-2,-178;299,35,257
318,337,-269;322,344,-255;325,344,-255;328,343,-255;314,345,-256;310,345,-256;307,345,-256;333,339,-155;301,340,-161;323,328,-232;312,329,-233;359,291,-92;272,294,-95;370,229,-160;259,241,-154;370,235,-362;256,226,-346;372,232,-403;255,220,-385;369,246,-415;255,227,-399;366,245,-371;258,230,-355;341,183,-3;294,184,3;354,105,-143;298,117,27;357,21,-59;315,67,299;354,13,-58;324,61,321;358,-2,-179;299,35,258
318,337,-269;322,344,-254;325,344,-254;328,343,-254;314,345,-255;310,345,-256;307,345,-256;333,339,-155;301,340,-161;323,328,-231;312,329,-233;359,291,-92;272,294,-95;369,230,-159;259,241,-154;370,235,-362;256,226,-345;372,232,-403;255,220,-385;369,246,-415;255,227,-399;366,245,-371;258,230,-355;341,183,-2;294,184,2;354,105,-143;298,117,24;357,21,-60;315,67,297;354,13,-58;323,61,319;358,-2,-179;299,35,256
318,337,-269;322,344,-254;325,344,-254;328,343,-254;314,345,-256;310,345,-256;307,345,-256;333,339,-155;301,340,-161;323,328,-231;312,329,-233;359,291,-92;272,294,-95;369,230,-159;259,241,-154;370,235,-362;256,226,-346;372,232,-403;255,220,-385;369,246,-415;255,227,-399;366,245,-371;258,230,-355;341,183,-2;294,183,2;355,105,-144;298,117,25;357,21,-61;315,67,297;354,13,-59;323,61,320;358,-2,-180;299,35,257
318,337,-268;322,344,-254;325,344,-254;328,343,-254;314,345,-255;310,345,-255;307,345,-255;333,339,-154;301,340,-160;323,328,-231;312,329,-233;359,291,-91;272,294,-95;369,230,-159;259,241,-154;370,235,-362;256,226,-346;372,232,-403;255,220,-385;369,246,-415;255,227,-399;366,245,-371;258,230,-355;341,183,-2;294,183,2;355,105,-148;298,117,25;357,21,-67;315,68,299;354,13,-66;323,61,321;358,-2,-187;299,35,258
318,337,-268;322,344,-253;325,344,-253;328,343,-253;314,345,-255;310,345,-255;307,345,-255;333,339,-154;301,340,-160;323,328,-230;312,329,-232;359,291,-91;272,294,-95;369,230,-159;259,241,-154;370,234,-362;256,226,-346;372,231,-403;255,220,-385;369,246,-415;255,227,-399;366,245,-371;258,230,-355;341,183,-2;294,183,2;355,105,-150;298,117,26;357,21,-69;315,68,299;354,13,-67;323,61,322;358,-2,-189;299,35,259
318,337,-268;322,344,-253;325,344,-253;328,343,-253;314,345,-254;310,345,-254;307,345,-254;333,339,-153;301,340,-160;323,328,-230;312,329,-232;359,291,-90;272,294,-94;369,230,-159;259,241,-154;370,234,-362;256,226,-346;372,231,-403;255,220,-385;369,246,-415;255,227,-399;366,245,-371;258,230,-355;341,183,-2;294,183,2;355,105,-152;298,117,26;357,21,-72;315,68,300;354,13,-71;323,61,323;358,-2,-192;300,35,260
318,337,-265;322,344,-250;325,344,-250;328,343,-250;314,345,-252;310,345,-252;307,345,-252;333,339,-151;301,340,-157;323,328,-227;312,329,-229;359,291,-89;272,294,-93;369,230,-157;259,241,-153;370,234,-359;256,226,-344;372,231,-401;255,220,-383;369,246,-413;255,227,-397;366,245,-369;258,230,-353;341,183,-2;294,183,2;355,105,-153;298,117,25;357,21,-73;314,68,298;354,13,-71;323,61,321;358,-2,-192;300,35,258
318,337,-264;322,344,-250;325,344,-250;328,343,-250;314,345,-251;310,345,-251;307,345,-251;333,339,-150;301,340,-156;323,328,-227;312,329,-229;359,291,-88;272,294,-92;369,231,-156;259,241,-152;370,234,-359;256,226,-344;372,231,-400;254,220,-383;369,246,-413;255,227,-397;366,245,-368;258,230,-353;341,183,-2;294,183,2;354,106,-154;298,117,23;357,21,-73;314,68,296;354,13,-72;323,62,319;358,-2,-192;300,35,256
318,337,-262;322,344,-248;325,344,-248;328,343,-248;314,345,-249;310,345,-249;307,345,-249;333,339,-149;301,340,-155;323,328,-225;312,329,-227;359,291,-87;272,295,-91;369,231,-154;259,241,-151;370,234,-357;256,226,-342;372,231,-399;254,220,-382;369,245,-411;255,227,-395;366,244,-367;258,230,-352;341,183,-2;294,183,2;354,106,-154;298,117,22;357,21,-75;314,68,294;354,13,-73;323,62,317;358,-2,-194;300,35,254
318,337,-263;322,344,-248;325,344,-248;328,343,-248;314,345,-249;310,345,-249;307,345,-249;333,339,-149;301,340,-155;323,328,-225;312,329,-227;359,291,-87;272,295,-91;369,231,-154;259,241,-151;370,234,-357;256,226,-342;372,231,-399;254,220,-382;369,245,-411;255,227,-395;366,244,-367;258,230,-352;341,183,-2;294,183,2;354,106,-154;298,118,17;357,21,-74;314,68,290;354,13,-72;323,62,312;358,-2,-193;300,35,250
318,337,-262;322,344,-248;325,344,-248;328,343,-248;313,345,-249;310,345,-249;307,345,-249;333,339,-148;301,340,-155;323,328,-225;312,329,-227;359,291,-86;272,295,-91;369,232,-154;259,241,-151;370,234,-357;256,226,-342;372,231,-399;254,220,-382;369,245,-411;255,227,-395;366,244,-367;258,230,-352;341,183,-2;294,183,2;354,106,-154;298,118,17;357,21,-73;314,68,288;354,13,-72;323,62,310;358,-2,-192;300,35,248
318,337,-260;322,344,-246;325,344,-246;328,343,-246;313,345,-247;310,345,-247;307,345,-247;333,339,-147;301,340,-153;323,328,-223;312,329,-225;359,291,-85;272,295,-90;370,232,-152;259,241,-150;370,234,-355;256,226,-340;372,231,-397;254,220,-380;369,245,-410;255,227,-393;366,244,-365;258,230,-350;341,183,-1;294,183,2;354,106,-153;298,118,17;357,21,-73;314,68,286;354,13,-72;323,62,308;358,-2,-192;300,35,247
318,337,-261;322,344,-246;325,344,-246;328,343,-246;313,345,-248;310,345,-248;307,345,-248;333,339,-147;301,340,-154;323,328,-223;312,329,-225;359,291,-86;272,295,-90;370,232,-153;259,241,-150;370,234,-356;256,226,-341;372,230,-397;254,220,-380;369,245,-410;255,227,-394;366,244,-365;258,230,-350;341,183,-1;294,183,1;354,106,-155;298,118,17;357,21,-78;314,68,288;354,13,-76;323,62,310;358,-2,-196;300,35,248
318,337,-261;322,344,-246;325,344,-247;328,343,-247;313,345,-248;310,345,-248;307,345,-248;333,339,-148;301,340,-154;323,328,-224;312,329,-226;359,291,-86;272,295,-90;370,232,-153;259,241,-150;370,234,-356;256,226,-341;372,230,-397;254,220,-380;369,245,-410;255,227,-394;366,244,-365;258,230,-350;341,183,-1;294,183,1;354,106,-156;298,118,17;357,21,-80;314,68,289;354,13,-78;323,62,311;358,-2,-198;300,35,249
318,337,-261;322,344,-247;325,344,-247;328,343,-247;313,345,-248;310,345,-248;307,345,-248;333,339,-148;301,340,-154;323,328,-224;312,329,-226;359,291,-86;272,295,-90;370,233,-153;259,241,-150;370,233,-356;256,226,-341;372,230,-398;254,220,-380;369,245,-410;255,227,-394;366,244,-365;258,230,-350;341,183,-1;294,183,1;354,106,-157;298,118,17;357,21,-82;314,68,289;354,13,-81;323,62,312;358,-2,-200;300,35,249
318,337,-262;322,344,-247;325,344,-247;328,343,-247;313,345,-248;310,345,-248;307,345,-248;333,339,-148;301,340,-154;323,328,-224;312,329,-226;359,291,-86;272,295,-91;370,233,-153;259,241,-150;370,233,-356;256,226,-341;372,230,-398;254,220,-381;369,244,-411;255,227,-394;366,244,-366;258,230,-351;341,183,-1;294,183,1;354,106,-158;298,118,20;357,21,-83;314,68,292;354,13,-82;323,62,314;358,-2,-202;300,35,252
318,337,-263;322,344,-248;325,344,-248;328,343,-248;313,345,-249;310,345,-249;307,345,-249;333,339,-149;301,340,-155;323,328,-225;312,329,-227;359,291,-87;272,295,-92;370,233,-154;259,241,-152;371,233,-358;256,226,-342;372,230,-399;254,220,-382;369,244,-412;255,227,-395;366,244,-367;258,230,-352;341,183,-1;294,183,1;354,106,-159;298,118,22;357,21,-85;314,68,294;354,13,-83;323,62,316;358,-2,-203;300,35,255
318,337,-265;322,344,-250;325,344,-250;328,343,-250;313,345,-251;310,345,-251;307,345,-251;333,339,-151;301,340,-157;323,328,-227;312,329,-229;359,291,-88;272,295,-94;370,233,-156;259,241,-154;371,233,-360;256,226,-344;372,230,-401;254,220,-384;369,244,-414;255,227,-397;366,244,-369;258,230,-354;341,183,-1;294,183,1;354,106,-159;298,118,26;357,21,-86;314,68,299;354,13,-84;323,62,322;358,-2,-205;300,35,260
318,337,-265;322,344,-250;325,344,-250;328,343,-250;313,345,-252;310,345,-252;307,345,-252;334,339,-151;301,340,-158;323,328,-227;312,329,-229;359,291,-88;272,295,-94;370,233,-156;259,241,-154;371,233,-360;256,226,-345;372,230,-401;254,220,-384;369,244,-414;255,227,-397;366,244,-369;258,230,-354;341,183,-1;294,183,1;354,106,-160;298,117,26;357,21,-86;314,68,299;354,13,-85;323,62,321;359,-2,-205;300,35,260
318,337,-265;322,344,-250;325,344,-250;328,343,-250;313,345,-252;310,345,-252;307,345,-252;334,339,-151;301,340,-158;323,328,-227;312,329,-229;359,291,-88;272,295,-94;370,233,-156;259,241,-154;371,233,-360;256,226,-345;372,230,-401;254,220,-384;369,244,-414;255,227,-397;366,244,-369;258,230,-354;341,183,-1;294,183,1;354,106,-160;298,117,26;357,21,-87;314,68,298;354,13,-86;323,62,321;359,-2,-206;300,35,259
318,337,-265;322,344,-250;325,344,-250;328,343,-250;313,345,-252;310,345,-252;307,345,-252;334,339,-151;301,340,-158;323,328,-227;312,329,-229;359,291,-88;272,295,-94;370,233,-156;259,241,-155;371,233,-360;256,226,-345;372,230,-401;254,220,-384;369,244,-414;255,227,-397;366,244,-369;258,230,-354;341,183,-1;294,183,1;354,106,-163;298,117,29;357,21,-91;314,68,301;354,13,-90;323,62,323;359,-2,-211;300,35,262
318,337,-265;322,344,-251;325,344,-251;328,343,-251;313,345,-252;310,345,-252;307,345,-252;334,338,-152;301,340,-158;323,328,-227;312,329,-229;359,291,-88;272,295,-95;370,233,-157;259,241,-155;371,233,-360;256,226,-345;372,230,-402;254,220,-385;369,244,-414;255,227,-398;366,244,-370;258,230,-355;341,183,-1;294,183,1;354,106,-163;298,117,29;357,21,-92;314,68,301;354,13,-91;323,62,324;359,-2,-211;300,35,262
